2358
2359
2360
2362
2363
2364
2365
2367
2368
2369
2370
3490
3482
3483
3464
3486
3487
3488
3489
3491
3492
3493
3494
3495
3496
3497
3498
3499
3500
3501
3502
3984
3985
3986
3987
4217
4218
4219
4220
2357
692
693
694
695
696
697
698
699
700
701
702
703
704
705
706
707
708
709
710
711
712
713
714
715
716
717
718
719
720
721
722
723
724
725
726
727
728
729
730
731
732
733
734
735
2562
2563
2564
2565
2566
2567
2568
2569
2570
2571
2572
2573
2574
2575
2576
2577
16397
16398
16399
16400
16401
16402
16403
16404
16405
16406
29018
29019
29020
29021
29022
29023
29024
29025
29026
29027
29029
29030
29031
29032
29033
29034
29035
29036
29037
29038
38844
38845
38846
38847
38848
38849
38850
38851
38852
38853
38854
38855
38856
38857
38858
38859
38860
38861
38862
38863
50126
50129
50130
50131
50132
50133
50134
50135
50136
50137
50138
50139
50140
50141
50142
50143
50144
50145
50146
50147
53804
53805
53806
53807
53808
53809
53810
53811
53812
53813

