; 以;开始是注释行,,,,,,,,,,,,,,,,,,,,,,,,,,,,,,,,,,,,,,,,,,,,,,,,,,,,,,,,,,,
; 第一个字段是成就id,,,,,,,,,,,,,,,,,,,,,,,,,,,,,,,,,,,,,,,,,,,,,,,,,,,,,,,,,,,
; 2-7字段是前置成就id,,,,,,,,,,,,,,,,,,,,,,,,,,,,,,,,,,,,,,,,,,,,,,,,,,,,,,,,,,,
; 后面是10个前提的定义，每个前提4个字段，分别是前提的模板id， 第一个参数，第二个参数，第三个参数,,,,,,,,,,,,,,,,,,,,,,,,,,,,,,,,,,,,,,,,,,,,,,,,,,,,,,,,,,,
; 倒数第四个字段是成就点,,,,,,,,,,,,,,,,,,,,,,,,,,,,,,,,,,,,,,,,,,,,,,,,,,,,,,,,,,,
; 倒数第三个字段是成就的频道，1表示普通频道，2表示全服喊话, 0表示不广播,,,,,,,,,,,,,,,,,,,,,,,,,,,,,,,,,,,,,,,,,,,,,,,,,,,,,,,,,,,
; 最后两个字段是奖励的金钱数目和物品ID
; 成就模板id定义,,,,,,,,,,,,,,,,,,,,,,,,,,,,,,,,,,,,,,,,,,,,,,,,,,,,,,,,,,,
;    id,,含义,,参数一,,参数二,,参数三,,,,,,,,,,,,,,,,,,,,,,,,,,,,,,,,,,,,,,,,,,,,,,,,,,,
;    1,,人物等级条件， ,,飞升次数(0表示未飞升),,级别,,,,,,,,,,,,,,,,,,,,,,,,,,,,,,,,,,,,,,,,,,,,,,,,,,,,,
;    2,,钱数达到,,钱的数量,,,,,,,,,,,,,,,,,,,,,,,,,,,,,,,,,,,,,,,,,,,,,,,,,,,,,,,
;    3,,声望达到,,声望id,,声望值,,,,,,,,,,,,,,,,,,,,,,,,,,,,,,,,,,,,,,,,,,,,,,,,,,,,,
;    4,,杀怪,,怪物id,,,,,,,,,,,,,,,,,,,,,,,,,,,,,,,,,,,,,,,,,,,,,,,,,,,,,,,
;    5,,pk值达到,,pk值,,,,,,,,,,,,,,,,,,,,,,,,,,,,,,,,,,,,,,,,,,,,,,,,,,,,,,,
;    6,,完成任务,,任务id,,,,,,,,,,,,,,,,,,,,,,,,,,,,,,,,,,,,,,,,,,,,,,,,,,,,,,,
;    7,,精炼,,装备级别,,精炼结果,,,,,,,,,,,,,,,,,,,,,,,,,,,,,,,,,,,,,,,,,,,,,,,,,,,,,
;    8,,宠物修炼,,宠物星级,,,,,,,,,,,,,,,,,,,,,,,,,,,,,,,,,,,,,,,,,,,,,,,,,,,,,
;    9,,法宝血炼,血炼值,,,,,,,,,,,,,,,,,,,,,,,,,,,,,,,,,,,,,,,,,,,,,,,,,,,,,
;    10,,生产,,配方id,,物品ID,,,,,,,,,,,,,,,,,,,,,,,,,,,,,,,,,,,,,,,,,,,,,,,,,,,,,
;    11,,装备,,装备id,,,,,,,,,,,,,,,,,,,,,,,,,,,,,,,,,,,,,,,,,,,,,,,,,,,,,,,
;    12,,完成成就,,成就id,,,,,,,,,,,,,,,,,,,,,,,,,,,,,,,,,,,,,,,,,,,,,,,,,,,,,,,
; 1000,,完成任务次数,,任务id,,次数,,,,,,,,,,,,,,,,,,,,,,,,,,,,,,,,,,,,,,,,,,,,,,,,,,,,,
; 1001,,杀怪次数,,怪物id,,次数,,,,,,,,,,,,,,,,,,,,,,,,,,,,,,,,,,,,,,,,,,,,,,,,,,,,,
; 1002,,生产配方次数,,配方id,,第几个物品,,次数,,,,,,,,,,,,,,,,,,,,,,,,,,,,,,,,,,,,,,,,,,,,,,,,,,,
; 1003,,参加战场次数,,战场id,,次数,,,,,,,,,,,,,,,,,,,,,,,,,,,,,,,,,,,,,,,,,,,,,,,,,,,,,
; 1004,,死亡次数,,次数,,,,,,,,,,,,,,,,,,,,,,,,,,,,,,,,,,,,,,,,,,,,,,,,,,,,,,,
; 1005,,炼器,,炼器级别,,炼器结果,,次数,,,,,,,,,,,,,,,,,,,,,,,,,,,,,,,,,,,,,,,,,,,,
;,,,,,,,,,,,,,,,,,,,,,,,,,,,,,,,,,,,,,,,,,,,,,,,,,,,,,,,,,,,
;成就ID,,前提成就1,前提成就2,前提成就3,前提成就4,前提成就5,前提成就6,,条件1类型,条件1参数1,条件1参数2,条件1参数3,,条件2类型,条件2参数1,条件2参数2,条件2参数3,,条件3类型,条件3参数1,条件3参数2,条件3参数3,,条件4类型,条件4参数1,条件4参数2,条件4参数3,,条件5类型,条件5参数1,条件5参数2,条件5参数3,,条件6类型,条件6参数1,条件6参数2,条件6参数3,,条件7类型,条件7参数1,条件7参数2,条件7参数3,,条件8类型,条件8参数1,条件8参数2,条件8参数3,,条件9类型,条件9参数1,条件9参数2,条件9参数3,,条件10类型,条件10参数1,条件10参数2,条件10参数3,,成就点,,广播类型,,奖励金钱,,奖励物品ID
;,,,,,,,,,,,,,,,,,,,,,,,,,,,,,,,,,,,,,,,,,,,,,,,,,,,,,,,,,,,
1,,0,0,0,0,0,0,,1,0,10,0,,0,0,0,0,,0,0,0,0,,0,0,0,0,,0,0,0,0,,0,0,0,0,,0,0,0,0,,0,0,0,0,,0,0,0,0,,0,0,0,0,,5,,1,,0,,0,,0
2,,0,0,0,0,0,0,,1,0,20,0,,0,0,0,0,,0,0,0,0,,0,0,0,0,,0,0,0,0,,0,0,0,0,,0,0,0,0,,0,0,0,0,,0,0,0,0,,0,0,0,0,,5,,1,,0,,0,,0
3,,0,0,0,0,0,0,,1,0,30,0,,0,0,0,0,,0,0,0,0,,0,0,0,0,,0,0,0,0,,0,0,0,0,,0,0,0,0,,0,0,0,0,,0,0,0,0,,0,0,0,0,,5,,1,,0,,0,,0
4,,0,0,0,0,0,0,,1,0,40,0,,0,0,0,0,,0,0,0,0,,0,0,0,0,,0,0,0,0,,0,0,0,0,,0,0,0,0,,0,0,0,0,,0,0,0,0,,0,0,0,0,,5,,1,,0,,0,,0
5,,0,0,0,0,0,0,,1,0,50,0,,0,0,0,0,,0,0,0,0,,0,0,0,0,,0,0,0,0,,0,0,0,0,,0,0,0,0,,0,0,0,0,,0,0,0,0,,0,0,0,0,,5,,1,,0,,0,,0
6,,0,0,0,0,0,0,,1,0,60,0,,0,0,0,0,,0,0,0,0,,0,0,0,0,,0,0,0,0,,0,0,0,0,,0,0,0,0,,0,0,0,0,,0,0,0,0,,0,0,0,0,,5,,1,,0,,0,,0
7,,0,0,0,0,0,0,,1,0,70,0,,0,0,0,0,,0,0,0,0,,0,0,0,0,,0,0,0,0,,0,0,0,0,,0,0,0,0,,0,0,0,0,,0,0,0,0,,0,0,0,0,,5,,1,,0,,0,,0
8,,0,0,0,0,0,0,,1,0,80,0,,0,0,0,0,,0,0,0,0,,0,0,0,0,,0,0,0,0,,0,0,0,0,,0,0,0,0,,0,0,0,0,,0,0,0,0,,0,0,0,0,,5,,1,,0,,0,,0
9,,0,0,0,0,0,0,,1,0,90,0,,0,0,0,0,,0,0,0,0,,0,0,0,0,,0,0,0,0,,0,0,0,0,,0,0,0,0,,0,0,0,0,,0,0,0,0,,0,0,0,0,,5,,1,,0,,0,,0
10,,0,0,0,0,0,0,,1,0,100,0,,0,0,0,0,,0,0,0,0,,0,0,0,0,,0,0,0,0,,0,0,0,0,,0,0,0,0,,0,0,0,0,,0,0,0,0,,0,0,0,0,,5,,1,,0,,0,,0
11,,0,0,0,0,0,0,,1,0,110,0,,0,0,0,0,,0,0,0,0,,0,0,0,0,,0,0,0,0,,0,0,0,0,,0,0,0,0,,0,0,0,0,,0,0,0,0,,0,0,0,0,,5,,1,,0,,0,,0
12,,0,0,0,0,0,0,,1,0,120,0,,0,0,0,0,,0,0,0,0,,0,0,0,0,,0,0,0,0,,0,0,0,0,,0,0,0,0,,0,0,0,0,,0,0,0,0,,0,0,0,0,,5,,1,,0,,0,,0
13,,0,0,0,0,0,0,,1,0,130,0,,0,0,0,0,,0,0,0,0,,0,0,0,0,,0,0,0,0,,0,0,0,0,,0,0,0,0,,0,0,0,0,,0,0,0,0,,0,0,0,0,,10,,1,,0,,0,,0
14,,0,0,0,0,0,0,,1,0,140,0,,0,0,0,0,,0,0,0,0,,0,0,0,0,,0,0,0,0,,0,0,0,0,,0,0,0,0,,0,0,0,0,,0,0,0,0,,0,0,0,0,,30,,1,,0,,0,,0
15,,0,0,0,0,0,0,,1,0,150,0,,0,0,0,0,,0,0,0,0,,0,0,0,0,,0,0,0,0,,0,0,0,0,,0,0,0,0,,0,0,0,0,,0,0,0,0,,0,0,0,0,,50,,2,,0,,0,,1
16,,0,0,0,0,0,0,,1,1,120,0,,0,0,0,0,,0,0,0,0,,0,0,0,0,,0,0,0,0,,0,0,0,0,,0,0,0,0,,0,0,0,0,,0,0,0,0,,0,0,0,0,,10,,1,,0,,0,,0
17,,0,0,0,0,0,0,,1,1,135,0,,0,0,0,0,,0,0,0,0,,0,0,0,0,,0,0,0,0,,0,0,0,0,,0,0,0,0,,0,0,0,0,,0,0,0,0,,0,0,0,0,,30,,1,,0,,0,,0
18,,0,0,0,0,0,0,,1,1,150,0,,0,0,0,0,,0,0,0,0,,0,0,0,0,,0,0,0,0,,0,0,0,0,,0,0,0,0,,0,0,0,0,,0,0,0,0,,0,0,0,0,,100,,2,,0,,0,,1
19,,0,0,0,0,0,0,,2,2000000000,0,0,,0,0,0,0,,0,0,0,0,,0,0,0,0,,0,0,0,0,,0,0,0,0,,0,0,0,0,,0,0,0,0,,0,0,0,0,,0,0,0,0,,30,,1,,0,,0,,0
20,,0,0,0,0,0,0,,3,11,500000,0,,0,0,0,0,,0,0,0,0,,0,0,0,0,,0,0,0,0,,0,0,0,0,,0,0,0,0,,0,0,0,0,,0,0,0,0,,0,0,0,0,,50,,1,,0,,0,,0
21,,0,0,0,0,0,0,,3,10,500000,0,,0,0,0,0,,0,0,0,0,,0,0,0,0,,0,0,0,0,,0,0,0,0,,0,0,0,0,,0,0,0,0,,0,0,0,0,,0,0,0,0,,50,,1,,0,,0,,0
22,,0,0,0,0,0,0,,3,9,500000,0,,0,0,0,0,,0,0,0,0,,0,0,0,0,,0,0,0,0,,0,0,0,0,,0,0,0,0,,0,0,0,0,,0,0,0,0,,0,0,0,0,,50,,1,,0,,0,,0
23,,0,0,0,0,0,0,,3,3,200000000,0,,0,0,0,0,,0,0,0,0,,0,0,0,0,,0,0,0,0,,0,0,0,0,,0,0,0,0,,0,0,0,0,,0,0,0,0,,0,0,0,0,,100,,2,,0,,0,,0
24,,0,0,0,0,0,0,,3,1,200000000,0,,0,0,0,0,,0,0,0,0,,0,0,0,0,,0,0,0,0,,0,0,0,0,,0,0,0,0,,0,0,0,0,,0,0,0,0,,0,0,0,0,,100,,2,,0,,0,,0
25,,0,0,0,0,0,0,,3,4,200000000,0,,0,0,0,0,,0,0,0,0,,0,0,0,0,,0,0,0,0,,0,0,0,0,,0,0,0,0,,0,0,0,0,,0,0,0,0,,0,0,0,0,,100,,2,,0,,0,,0
26,,0,0,0,0,0,0,,3,2,200000000,0,,0,0,0,0,,0,0,0,0,,0,0,0,0,,0,0,0,0,,0,0,0,0,,0,0,0,0,,0,0,0,0,,0,0,0,0,,0,0,0,0,,100,,2,,0,,0,,0
27,,0,0,0,0,0,0,,3,0,200000000,0,,0,0,0,0,,0,0,0,0,,0,0,0,0,,0,0,0,0,,0,0,0,0,,0,0,0,0,,0,0,0,0,,0,0,0,0,,0,0,0,0,,100,,2,,0,,0,,0
28,,0,0,0,0,0,0,,3,5,20000000,0,,0,0,0,0,,0,0,0,0,,0,0,0,0,,0,0,0,0,,0,0,0,0,,0,0,0,0,,0,0,0,0,,0,0,0,0,,0,0,0,0,,50,,1,,0,,0,,0
29,,0,0,0,0,0,0,,3,6,200000,0,,0,0,0,0,,0,0,0,0,,0,0,0,0,,0,0,0,0,,0,0,0,0,,0,0,0,0,,0,0,0,0,,0,0,0,0,,0,0,0,0,,50,,1,,0,,0,,0
30,,0,0,0,0,0,0,,3,8,50000,0,,0,0,0,0,,0,0,0,0,,0,0,0,0,,0,0,0,0,,0,0,0,0,,0,0,0,0,,0,0,0,0,,0,0,0,0,,0,0,0,0,,50,,1,,0,,0,,0
31,,0,0,0,0,0,0,,3,7,1000000,0,,0,0,0,0,,0,0,0,0,,0,0,0,0,,0,0,0,0,,0,0,0,0,,0,0,0,0,,0,0,0,0,,0,0,0,0,,0,0,0,0,,50,,1,,0,,0,,0
32,,0,0,0,0,0,0,,1004,200,0,0,,0,0,0,0,,0,0,0,0,,0,0,0,0,,0,0,0,0,,0,0,0,0,,0,0,0,0,,0,0,0,0,,0,0,0,0,,0,0,0,0,,5,,1,,0,,0,,0
33,,0,0,0,0,0,0,,5,50,0,0,,0,0,0,0,,0,0,0,0,,0,0,0,0,,0,0,0,0,,0,0,0,0,,0,0,0,0,,0,0,0,0,,0,0,0,0,,0,0,0,0,,5,,1,,0,,0,,0
34,,0,0,0,0,0,0,,5,100,0,0,,0,0,0,0,,0,0,0,0,,0,0,0,0,,0,0,0,0,,0,0,0,0,,0,0,0,0,,0,0,0,0,,0,0,0,0,,0,0,0,0,,5,,1,,0,,0,,0
35,,0,0,0,0,0,0,,5,500,0,0,,0,0,0,0,,0,0,0,0,,0,0,0,0,,0,0,0,0,,0,0,0,0,,0,0,0,0,,0,0,0,0,,0,0,0,0,,0,0,0,0,,10,,1,,0,,0,,0
36,,0,0,0,0,0,0,,5,999,0,0,,0,0,0,0,,0,0,0,0,,0,0,0,0,,0,0,0,0,,0,0,0,0,,0,0,0,0,,0,0,0,0,,0,0,0,0,,0,0,0,0,,10,,1,,0,,0,,0
37,,0,0,0,0,0,0,,4,5594,0,0,,4,5593,0,0,,4,5595,0,0,,4,5592,0,0,,0,0,0,0,,0,0,0,0,,0,0,0,0,,0,0,0,0,,0,0,0,0,,0,0,0,0,,30,,1,,0,,0,,0
38,,0,0,0,0,0,0,,4,10677,0,0,,4,10670,0,0,,4,10676,0,0,,4,10671,0,0,,4,10672,0,0,,4,10675,0,0,,4,10674,0,0,,0,0,0,0,,0,0,0,0,,0,0,0,0,,50,,1,,0,,0,,0
39,,0,0,0,0,0,0,,4,22357,0,0,,4,22354,0,0,,4,22356,0,0,,4,22355,0,0,,4,22358,0,0,,0,0,0,0,,0,0,0,0,,0,0,0,0,,0,0,0,0,,0,0,0,0,,30,,1,,0,,0,,0
40,,0,0,0,0,0,0,,1001,13445,19,0,,1001,13439,19,0,,0,0,0,0,,0,0,0,0,,0,0,0,0,,0,0,0,0,,0,0,0,0,,0,0,0,0,,0,0,0,0,,0,0,0,0,,5,,1,,0,,0,,0
41,,0,0,0,0,0,0,,1001,10846,29,0,,1001,10850,29,0,,0,0,0,0,,0,0,0,0,,0,0,0,0,,0,0,0,0,,0,0,0,0,,0,0,0,0,,0,0,0,0,,0,0,0,0,,5,,1,,0,,0,,0
42,,0,0,0,0,0,0,,1001,10854,39,0,,1001,10858,39,0,,0,0,0,0,,0,0,0,0,,0,0,0,0,,0,0,0,0,,0,0,0,0,,0,0,0,0,,0,0,0,0,,0,0,0,0,,5,,1,,0,,0,,0
43,,0,0,0,0,0,0,,1001,13693,49,0,,1001,13698,49,0,,0,0,0,0,,0,0,0,0,,0,0,0,0,,0,0,0,0,,0,0,0,0,,0,0,0,0,,0,0,0,0,,0,0,0,0,,5,,1,,0,,0,,0
44,,0,0,0,0,0,0,,1001,23369,19,0,,1001,23368,19,0,,0,0,0,0,,0,0,0,0,,0,0,0,0,,0,0,0,0,,0,0,0,0,,0,0,0,0,,0,0,0,0,,0,0,0,0,,10,,1,,0,,0,,0
45,,0,0,0,0,0,0,,1001,23372,29,0,,1001,23373,29,0,,0,0,0,0,,0,0,0,0,,0,0,0,0,,0,0,0,0,,0,0,0,0,,0,0,0,0,,0,0,0,0,,0,0,0,0,,10,,1,,0,,0,,0
46,,0,0,0,0,0,0,,1001,23376,39,0,,1001,23377,39,0,,0,0,0,0,,0,0,0,0,,0,0,0,0,,0,0,0,0,,0,0,0,0,,0,0,0,0,,0,0,0,0,,0,0,0,0,,10,,1,,0,,0,,0
47,,0,0,0,0,0,0,,1001,23379,49,0,,1001,23378,49,0,,0,0,0,0,,0,0,0,0,,0,0,0,0,,0,0,0,0,,0,0,0,0,,0,0,0,0,,0,0,0,0,,0,0,0,0,,10,,1,,0,,0,,0
48,,0,0,0,0,0,0,,1001,18828,999,0,,0,0,0,0,,0,0,0,0,,0,0,0,0,,0,0,0,0,,0,0,0,0,,0,0,0,0,,0,0,0,0,,0,0,0,0,,0,0,0,0,,10,,1,,0,,0,,0
49,,0,0,0,0,0,0,,1001,18829,999,0,,0,0,0,0,,0,0,0,0,,0,0,0,0,,0,0,0,0,,0,0,0,0,,0,0,0,0,,0,0,0,0,,0,0,0,0,,0,0,0,0,,10,,1,,0,,0,,0
50,,0,0,0,0,0,0,,1001,18830,999,0,,0,0,0,0,,0,0,0,0,,0,0,0,0,,0,0,0,0,,0,0,0,0,,0,0,0,0,,0,0,0,0,,0,0,0,0,,0,0,0,0,,10,,1,,0,,0,,0
51,,0,0,0,0,0,0,,1001,18831,999,0,,0,0,0,0,,0,0,0,0,,0,0,0,0,,0,0,0,0,,0,0,0,0,,0,0,0,0,,0,0,0,0,,0,0,0,0,,0,0,0,0,,30,,1,,0,,0,,0
52,,0,0,0,0,0,0,,1001,18832,999,0,,0,0,0,0,,0,0,0,0,,0,0,0,0,,0,0,0,0,,0,0,0,0,,0,0,0,0,,0,0,0,0,,0,0,0,0,,0,0,0,0,,30,,1,,0,,0,,0
53,,0,0,0,0,0,0,,1001,18833,999,0,,0,0,0,0,,0,0,0,0,,0,0,0,0,,0,0,0,0,,0,0,0,0,,0,0,0,0,,0,0,0,0,,0,0,0,0,,0,0,0,0,,30,,1,,0,,0,,0
54,,0,0,0,0,0,0,,1001,22285,99,0,,0,0,0,0,,0,0,0,0,,0,0,0,0,,0,0,0,0,,0,0,0,0,,0,0,0,0,,0,0,0,0,,0,0,0,0,,0,0,0,0,,10,,1,,0,,0,,0
55,,0,0,0,0,0,0,,1001,22198,99,0,,0,0,0,0,,0,0,0,0,,0,0,0,0,,0,0,0,0,,0,0,0,0,,0,0,0,0,,0,0,0,0,,0,0,0,0,,0,0,0,0,,10,,1,,0,,0,,0
56,,0,0,0,0,0,0,,1001,22207,99,0,,0,0,0,0,,0,0,0,0,,0,0,0,0,,0,0,0,0,,0,0,0,0,,0,0,0,0,,0,0,0,0,,0,0,0,0,,0,0,0,0,,10,,1,,0,,0,,0
57,,0,0,0,0,0,0,,1001,22216,99,0,,0,0,0,0,,0,0,0,0,,0,0,0,0,,0,0,0,0,,0,0,0,0,,0,0,0,0,,0,0,0,0,,0,0,0,0,,0,0,0,0,,30,,1,,0,,0,,0
58,,0,0,0,0,0,0,,1001,22225,99,0,,0,0,0,0,,0,0,0,0,,0,0,0,0,,0,0,0,0,,0,0,0,0,,0,0,0,0,,0,0,0,0,,0,0,0,0,,0,0,0,0,,30,,1,,0,,0,,0
59,,0,0,0,0,0,0,,1001,22234,99,0,,0,0,0,0,,0,0,0,0,,0,0,0,0,,0,0,0,0,,0,0,0,0,,0,0,0,0,,0,0,0,0,,0,0,0,0,,0,0,0,0,,30,,1,,0,,0,,0
60,,0,0,0,0,0,0,,4,23165,0,0,,0,0,0,0,,0,0,0,0,,0,0,0,0,,0,0,0,0,,0,0,0,0,,0,0,0,0,,0,0,0,0,,0,0,0,0,,0,0,0,0,,30,,1,,0,,0,,0
61,,0,0,0,0,0,0,,4,22106,0,0,,4,22107,0,0,,0,0,0,0,,0,0,0,0,,0,0,0,0,,0,0,0,0,,0,0,0,0,,0,0,0,0,,0,0,0,0,,0,0,0,0,,30,,1,,0,,0,,0
62,,0,0,0,0,0,0,,4,22253,0,0,,4,22251,0,0,,4,22252,0,0,,0,0,0,0,,0,0,0,0,,0,0,0,0,,0,0,0,0,,0,0,0,0,,0,0,0,0,,0,0,0,0,,30,,1,,0,,0,,0
63,,0,0,0,0,0,0,,4,24739,0,0,,4,24738,0,0,,4,24737,0,0,,0,0,0,0,,0,0,0,0,,0,0,0,0,,0,0,0,0,,0,0,0,0,,0,0,0,0,,0,0,0,0,,50,,1,,0,,0,,0
64,,0,0,0,0,0,0,,4,24740,0,0,,4,24741,0,0,,4,24742,0,0,,0,0,0,0,,0,0,0,0,,0,0,0,0,,0,0,0,0,,0,0,0,0,,0,0,0,0,,0,0,0,0,,50,,1,,0,,0,,0
65,,0,0,0,0,0,0,,4,25173,0,0,,0,0,0,0,,0,0,0,0,,0,0,0,0,,0,0,0,0,,0,0,0,0,,0,0,0,0,,0,0,0,0,,0,0,0,0,,0,0,0,0,,10,,1,,0,,0,,0
66,,0,0,0,0,0,0,,4,25171,0,0,,0,0,0,0,,0,0,0,0,,0,0,0,0,,0,0,0,0,,0,0,0,0,,0,0,0,0,,0,0,0,0,,0,0,0,0,,0,0,0,0,,10,,1,,0,,0,,0
67,,0,0,0,0,0,0,,1001,22018,99,0,,0,0,0,0,,0,0,0,0,,0,0,0,0,,0,0,0,0,,0,0,0,0,,0,0,0,0,,0,0,0,0,,0,0,0,0,,0,0,0,0,,10,,1,,0,,0,,0
68,,0,0,0,0,0,0,,1001,22019,99,0,,0,0,0,0,,0,0,0,0,,0,0,0,0,,0,0,0,0,,0,0,0,0,,0,0,0,0,,0,0,0,0,,0,0,0,0,,0,0,0,0,,10,,1,,0,,0,,0
69,,0,0,0,0,0,0,,1001,22020,99,0,,0,0,0,0,,0,0,0,0,,0,0,0,0,,0,0,0,0,,0,0,0,0,,0,0,0,0,,0,0,0,0,,0,0,0,0,,0,0,0,0,,10,,1,,0,,0,,0
70,,0,0,0,0,0,0,,4,23265,0,0,,0,0,0,0,,0,0,0,0,,0,0,0,0,,0,0,0,0,,0,0,0,0,,0,0,0,0,,0,0,0,0,,0,0,0,0,,0,0,0,0,,10,,1,,0,,0,,0
71,,0,0,0,0,0,0,,4,23267,0,0,,0,0,0,0,,0,0,0,0,,0,0,0,0,,0,0,0,0,,0,0,0,0,,0,0,0,0,,0,0,0,0,,0,0,0,0,,0,0,0,0,,10,,1,,0,,0,,0
72,,0,0,0,0,0,0,,4,23262,0,0,,0,0,0,0,,0,0,0,0,,0,0,0,0,,0,0,0,0,,0,0,0,0,,0,0,0,0,,0,0,0,0,,0,0,0,0,,0,0,0,0,,10,,1,,0,,0,,0
73,,0,0,0,0,0,0,,1000,12856,99,0,,0,0,0,0,,0,0,0,0,,0,0,0,0,,0,0,0,0,,0,0,0,0,,0,0,0,0,,0,0,0,0,,0,0,0,0,,0,0,0,0,,10,,1,,0,,0,,0
74,,0,0,0,0,0,0,,1000,12315,99,0,,0,0,0,0,,0,0,0,0,,0,0,0,0,,0,0,0,0,,0,0,0,0,,0,0,0,0,,0,0,0,0,,0,0,0,0,,0,0,0,0,,10,,1,,0,,0,,0
75,,0,0,0,0,0,0,,1000,12193,99,0,,0,0,0,0,,0,0,0,0,,0,0,0,0,,0,0,0,0,,0,0,0,0,,0,0,0,0,,0,0,0,0,,0,0,0,0,,0,0,0,0,,10,,1,,0,,0,,0
76,,0,0,0,0,0,0,,1000,12871,99,0,,0,0,0,0,,0,0,0,0,,0,0,0,0,,0,0,0,0,,0,0,0,0,,0,0,0,0,,0,0,0,0,,0,0,0,0,,0,0,0,0,,10,,1,,0,,0,,0
77,,0,0,0,0,0,0,,11,14242,0,0,,11,14243,0,0,,11,14244,0,0,,0,0,0,0,,0,0,0,0,,0,0,0,0,,0,0,0,0,,0,0,0,0,,0,0,0,0,,0,0,0,0,,5,,1,,0,,0,,0
78,,0,0,0,0,0,0,,11,12023,0,0,,11,12024,0,0,,11,12025,0,0,,0,0,0,0,,0,0,0,0,,0,0,0,0,,0,0,0,0,,0,0,0,0,,0,0,0,0,,0,0,0,0,,5,,1,,0,,0,,0
79,,0,0,0,0,0,0,,11,17077,0,0,,11,17075,0,0,,11,17076,0,0,,0,0,0,0,,0,0,0,0,,0,0,0,0,,0,0,0,0,,0,0,0,0,,0,0,0,0,,0,0,0,0,,5,,1,,0,,0,,0
80,,0,0,0,0,0,0,,11,19436,0,0,,11,19437,0,0,,11,19438,0,0,,11,18884,0,0,,11,18888,0,0,,11,18886,0,0,,0,0,0,0,,0,0,0,0,,0,0,0,0,,0,0,0,0,,10,,1,,0,,0,,0
81,,0,0,0,0,0,0,,11,23428,0,0,,11,23429,0,0,,11,23430,0,0,,11,11955,0,0,,11,11958,0,0,,11,11960,0,0,,0,0,0,0,,0,0,0,0,,0,0,0,0,,0,0,0,0,,10,,1,,0,,0,,0
82,,0,0,0,0,0,0,,12,80,0,0,,12,81,0,0,,0,0,0,0,,0,0,0,0,,0,0,0,0,,0,0,0,0,,0,0,0,0,,0,0,0,0,,0,0,0,0,,0,0,0,0,,10,,1,,0,,0,,0
83,,0,0,0,0,0,0,,11,13613,0,0,,11,13615,0,0,,11,13617,0,0,,11,22001,0,0,,11,22003,0,0,,11,22005,0,0,,0,0,0,0,,0,0,0,0,,0,0,0,0,,0,0,0,0,,10,,1,,0,,0,,0
84,,0,0,0,0,0,0,,11,13612,0,0,,11,13614,0,0,,11,13616,0,0,,11,22000,0,0,,11,22002,0,0,,11,22004,0,0,,0,0,0,0,,0,0,0,0,,0,0,0,0,,0,0,0,0,,10,,1,,0,,0,,0
85,,0,0,0,0,0,0,,11,10631,0,0,,11,10635,0,0,,11,10633,0,0,,11,7807,0,0,,11,7811,0,0,,11,7816,0,0,,0,0,0,0,,0,0,0,0,,0,0,0,0,,0,0,0,0,,10,,1,,0,,0,,0
86,,0,0,0,0,0,0,,11,10630,0,0,,11,10634,0,0,,11,10632,0,0,,11,7806,0,0,,11,7810,0,0,,11,7815,0,0,,0,0,0,0,,0,0,0,0,,0,0,0,0,,0,0,0,0,,10,,1,,0,,0,,0
87,,0,0,0,0,0,0,,11,6375,0,0,,11,6383,0,0,,11,6388,0,0,,11,6376,0,0,,11,6381,0,0,,11,6387,0,0,,0,0,0,0,,0,0,0,0,,0,0,0,0,,0,0,0,0,,10,,1,,0,,0,,0
88,,0,0,0,0,0,0,,11,22086,0,0,,0,0,0,0,,0,0,0,0,,0,0,0,0,,0,0,0,0,,0,0,0,0,,0,0,0,0,,0,0,0,0,,0,0,0,0,,0,0,0,0,,10,,1,,0,,0,,0
89,,0,0,0,0,0,0,,11,22081,0,0,,0,0,0,0,,0,0,0,0,,0,0,0,0,,0,0,0,0,,0,0,0,0,,0,0,0,0,,0,0,0,0,,0,0,0,0,,0,0,0,0,,10,,1,,0,,0,,0
90,,0,0,0,0,0,0,,11,22085,0,0,,0,0,0,0,,0,0,0,0,,0,0,0,0,,0,0,0,0,,0,0,0,0,,0,0,0,0,,0,0,0,0,,0,0,0,0,,0,0,0,0,,10,,1,,0,,0,,0
91,,0,0,0,0,0,0,,11,22084,0,0,,0,0,0,0,,0,0,0,0,,0,0,0,0,,0,0,0,0,,0,0,0,0,,0,0,0,0,,0,0,0,0,,0,0,0,0,,0,0,0,0,,10,,1,,0,,0,,0
92,,0,0,0,0,0,0,,11,22083,0,0,,0,0,0,0,,0,0,0,0,,0,0,0,0,,0,0,0,0,,0,0,0,0,,0,0,0,0,,0,0,0,0,,0,0,0,0,,0,0,0,0,,10,,1,,0,,0,,0
93,,0,0,0,0,0,0,,11,22082,0,0,,0,0,0,0,,0,0,0,0,,0,0,0,0,,0,0,0,0,,0,0,0,0,,0,0,0,0,,0,0,0,0,,0,0,0,0,,0,0,0,0,,10,,1,,0,,0,,0
94,,0,0,0,0,0,0,,11,21854,0,0,,0,0,0,0,,0,0,0,0,,0,0,0,0,,0,0,0,0,,0,0,0,0,,0,0,0,0,,0,0,0,0,,0,0,0,0,,0,0,0,0,,10,,1,,0,,0,,0
95,,0,0,0,0,0,0,,11,21819,0,0,,0,0,0,0,,0,0,0,0,,0,0,0,0,,0,0,0,0,,0,0,0,0,,0,0,0,0,,0,0,0,0,,0,0,0,0,,0,0,0,0,,10,,1,,0,,0,,0
96,,0,0,0,0,0,0,,11,21783,0,0,,0,0,0,0,,0,0,0,0,,0,0,0,0,,0,0,0,0,,0,0,0,0,,0,0,0,0,,0,0,0,0,,0,0,0,0,,0,0,0,0,,10,,1,,0,,0,,0
97,,0,0,0,0,0,0,,11,22115,0,0,,0,0,0,0,,0,0,0,0,,0,0,0,0,,0,0,0,0,,0,0,0,0,,0,0,0,0,,0,0,0,0,,0,0,0,0,,0,0,0,0,,10,,1,,0,,0,,0
98,,0,0,0,0,0,0,,11,22116,0,0,,0,0,0,0,,0,0,0,0,,0,0,0,0,,0,0,0,0,,0,0,0,0,,0,0,0,0,,0,0,0,0,,0,0,0,0,,0,0,0,0,,10,,1,,0,,0,,0
99,,0,0,0,0,0,0,,11,22117,0,0,,0,0,0,0,,0,0,0,0,,0,0,0,0,,0,0,0,0,,0,0,0,0,,0,0,0,0,,0,0,0,0,,0,0,0,0,,0,0,0,0,,10,,1,,0,,0,,0
100,,0,0,0,0,0,0,,11,22118,0,0,,0,0,0,0,,0,0,0,0,,0,0,0,0,,0,0,0,0,,0,0,0,0,,0,0,0,0,,0,0,0,0,,0,0,0,0,,0,0,0,0,,10,,1,,0,,0,,0
101,,0,0,0,0,0,0,,11,22119,0,0,,0,0,0,0,,0,0,0,0,,0,0,0,0,,0,0,0,0,,0,0,0,0,,0,0,0,0,,0,0,0,0,,0,0,0,0,,0,0,0,0,,10,,1,,0,,0,,0
102,,0,0,0,0,0,0,,11,20157,0,0,,0,0,0,0,,0,0,0,0,,0,0,0,0,,0,0,0,0,,0,0,0,0,,0,0,0,0,,0,0,0,0,,0,0,0,0,,0,0,0,0,,10,,1,,0,,0,,0
103,,0,0,0,0,0,0,,11,20158,0,0,,0,0,0,0,,0,0,0,0,,0,0,0,0,,0,0,0,0,,0,0,0,0,,0,0,0,0,,0,0,0,0,,0,0,0,0,,0,0,0,0,,10,,1,,0,,0,,0
104,,0,0,0,0,0,0,,11,20144,0,0,,0,0,0,0,,0,0,0,0,,0,0,0,0,,0,0,0,0,,0,0,0,0,,0,0,0,0,,0,0,0,0,,0,0,0,0,,0,0,0,0,,10,,1,,0,,0,,0
105,,0,0,0,0,0,0,,11,20145,0,0,,0,0,0,0,,0,0,0,0,,0,0,0,0,,0,0,0,0,,0,0,0,0,,0,0,0,0,,0,0,0,0,,0,0,0,0,,0,0,0,0,,10,,1,,0,,0,,0
106,,0,0,0,0,0,0,,7,7,8,0,,0,0,0,0,,0,0,0,0,,0,0,0,0,,0,0,0,0,,0,0,0,0,,0,0,0,0,,0,0,0,0,,0,0,0,0,,0,0,0,0,,5,,1,,0,,0,,0
107,,0,0,0,0,0,0,,7,7,0,0,,0,0,0,0,,0,0,0,0,,0,0,0,0,,0,0,0,0,,0,0,0,0,,0,0,0,0,,0,0,0,0,,0,0,0,0,,0,0,0,0,,5,,1,,0,,0,,0
108,,0,0,0,0,0,0,,7,9,10,0,,0,0,0,0,,0,0,0,0,,0,0,0,0,,0,0,0,0,,0,0,0,0,,0,0,0,0,,0,0,0,0,,0,0,0,0,,0,0,0,0,,10,,1,,0,,0,,0
109,,0,0,0,0,0,0,,7,9,0,0,,0,0,0,0,,0,0,0,0,,0,0,0,0,,0,0,0,0,,0,0,0,0,,0,0,0,0,,0,0,0,0,,0,0,0,0,,0,0,0,0,,10,,1,,0,,0,,0
110,,0,0,0,0,0,0,,7,11,12,0,,0,0,0,0,,0,0,0,0,,0,0,0,0,,0,0,0,0,,0,0,0,0,,0,0,0,0,,0,0,0,0,,0,0,0,0,,0,0,0,0,,30,,1,,0,,0,,0
111,,0,0,0,0,0,0,,7,11,0,0,,0,0,0,0,,0,0,0,0,,0,0,0,0,,0,0,0,0,,0,0,0,0,,0,0,0,0,,0,0,0,0,,0,0,0,0,,0,0,0,0,,30,,1,,0,,0,,0
112,,0,0,0,0,0,0,,1005,0,8,49,,0,0,0,0,,0,0,0,0,,0,0,0,0,,0,0,0,0,,0,0,0,0,,0,0,0,0,,0,0,0,0,,0,0,0,0,,0,0,0,0,,50,,1,,0,,0,,0
113,,0,0,0,0,0,0,,1005,0,9,49,,0,0,0,0,,0,0,0,0,,0,0,0,0,,0,0,0,0,,0,0,0,0,,0,0,0,0,,0,0,0,0,,0,0,0,0,,0,0,0,0,,100,,2,,0,,0,,0
114,,0,0,0,0,0,0,,10,3373,22614,0,,10,3367,22534,0,,10,3369,22777,0,,10,3371,22857,0,,10,3375,22694,0,,0,0,0,0,,0,0,0,0,,0,0,0,0,,0,0,0,0,,0,0,0,0,,30,,1,,0,,0,,0
115,,0,0,0,0,0,0,,10,3363,22615,0,,10,3357,22535,0,,10,3359,22778,0,,10,3361,22858,0,,10,3365,22695,0,,0,0,0,0,,0,0,0,0,,0,0,0,0,,0,0,0,0,,0,0,0,0,,30,,1,,0,,0,,0
116,,0,0,0,0,0,0,,10,3353,22616,0,,10,3347,22536,0,,10,3349,22779,0,,10,3351,22859,0,,10,3355,22696,0,,0,0,0,0,,0,0,0,0,,0,0,0,0,,0,0,0,0,,0,0,0,0,,30,,1,,0,,0,,0
117,,0,0,0,0,0,0,,10,3343,22617,0,,10,3337,22537,0,,10,3339,22780,0,,10,3341,22860,0,,10,3345,22697,0,,0,0,0,0,,0,0,0,0,,0,0,0,0,,0,0,0,0,,0,0,0,0,,30,,1,,0,,0,,0
118,,0,0,0,0,0,0,,10,3374,22618,0,,10,3368,22538,0,,10,3370,22781,0,,10,3372,22861,0,,10,3376,22698,0,,0,0,0,0,,0,0,0,0,,0,0,0,0,,0,0,0,0,,0,0,0,0,,30,,1,,0,,0,,0
119,,0,0,0,0,0,0,,10,3364,22619,0,,10,3358,22539,0,,10,3360,22782,0,,10,3362,22862,0,,10,3366,22699,0,,0,0,0,0,,0,0,0,0,,0,0,0,0,,0,0,0,0,,0,0,0,0,,30,,1,,0,,0,,0
120,,0,0,0,0,0,0,,10,3354,22620,0,,10,3348,22540,0,,10,3350,22783,0,,10,3352,22863,0,,10,3356,22700,0,,0,0,0,0,,0,0,0,0,,0,0,0,0,,0,0,0,0,,0,0,0,0,,30,,1,,0,,0,,0
121,,0,0,0,0,0,0,,10,3344,22621,0,,10,3338,22541,0,,10,3340,22784,0,,10,3342,22864,0,,10,3346,22701,0,,0,0,0,0,,0,0,0,0,,0,0,0,0,,0,0,0,0,,0,0,0,0,,30,,1,,0,,0,,0
122,,0,0,0,0,0,0,,10,2987,20160,0,,0,0,0,0,,0,0,0,0,,0,0,0,0,,0,0,0,0,,0,0,0,0,,0,0,0,0,,0,0,0,0,,0,0,0,0,,0,0,0,0,,10,,1,,0,,0,,0
123,,0,0,0,0,0,0,,10,2975,20147,0,,0,0,0,0,,0,0,0,0,,0,0,0,0,,0,0,0,0,,0,0,0,0,,0,0,0,0,,0,0,0,0,,0,0,0,0,,0,0,0,0,,10,,1,,0,,0,,0
124,,0,0,0,0,0,0,,10,2988,20161,0,,0,0,0,0,,0,0,0,0,,0,0,0,0,,0,0,0,0,,0,0,0,0,,0,0,0,0,,0,0,0,0,,0,0,0,0,,0,0,0,0,,30,,1,,0,,0,,0
125,,0,0,0,0,0,0,,10,2976,20148,0,,0,0,0,0,,0,0,0,0,,0,0,0,0,,0,0,0,0,,0,0,0,0,,0,0,0,0,,0,0,0,0,,0,0,0,0,,0,0,0,0,,30,,1,,0,,0,,0
126,,0,0,0,0,0,0,,10,2989,20162,0,,0,0,0,0,,0,0,0,0,,0,0,0,0,,0,0,0,0,,0,0,0,0,,0,0,0,0,,0,0,0,0,,0,0,0,0,,0,0,0,0,,50,,1,,0,,0,,0
127,,0,0,0,0,0,0,,10,2977,20149,0,,0,0,0,0,,0,0,0,0,,0,0,0,0,,0,0,0,0,,0,0,0,0,,0,0,0,0,,0,0,0,0,,0,0,0,0,,0,0,0,0,,50,,1,,0,,0,,0
128,,0,0,0,0,0,0,,10,2990,20163,0,,0,0,0,0,,0,0,0,0,,0,0,0,0,,0,0,0,0,,0,0,0,0,,0,0,0,0,,0,0,0,0,,0,0,0,0,,0,0,0,0,,100,,2,,0,,0,,0
129,,0,0,0,0,0,0,,10,2978,20150,0,,0,0,0,0,,0,0,0,0,,0,0,0,0,,0,0,0,0,,0,0,0,0,,0,0,0,0,,0,0,0,0,,0,0,0,0,,0,0,0,0,,100,,2,,0,,0,,0
130,,0,0,0,0,0,0,,1002,2912,14065,99,,0,0,0,0,,0,0,0,0,,0,0,0,0,,0,0,0,0,,0,0,0,0,,0,0,0,0,,0,0,0,0,,0,0,0,0,,0,0,0,0,,100,,2,,0,,0,,0
131,,0,0,0,0,0,0,,1002,2917,19252,99,,0,0,0,0,,0,0,0,0,,0,0,0,0,,0,0,0,0,,0,0,0,0,,0,0,0,0,,0,0,0,0,,0,0,0,0,,0,0,0,0,,50,,1,,0,,0,,0
132,,0,0,0,0,0,0,,10,2407,17354,0,,10,2359,17350,0,,10,2395,17353,0,,10,2437,17356,0,,10,2371,17351,0,,10,2383,17352,0,,10,2425,17355,0,,10,2449,17357,0,,0,0,0,0,,0,0,0,0,,10,,1,,0,,0,,0
133,,0,0,0,0,0,0,,10,2408,17394,0,,10,2360,17390,0,,10,2396,17393,0,,10,2438,17396,0,,10,2372,17391,0,,10,2384,17392,0,,10,2426,17395,0,,10,2450,17397,0,,0,0,0,0,,0,0,0,0,,10,,1,,0,,0,,0
134,,0,0,0,0,0,0,,10,2409,17434,0,,10,2361,17430,0,,10,2397,17433,0,,10,2439,17436,0,,10,2373,17431,0,,10,2385,17432,0,,10,2427,17435,0,,10,2451,17437,0,,0,0,0,0,,0,0,0,0,,30,,1,,0,,0,,0
135,,0,0,0,0,0,0,,10,2410,17474,0,,10,2362,17470,0,,10,2398,17473,0,,10,2440,17476,0,,10,2374,17471,0,,10,2386,17472,0,,10,2428,17475,0,,10,2452,17477,0,,0,0,0,0,,0,0,0,0,,30,,1,,0,,0,,0
136,,0,0,0,0,0,0,,10,2411,17514,0,,10,2363,17510,0,,10,2399,17513,0,,10,2441,17516,0,,10,2375,17511,0,,10,2387,17512,0,,10,2429,17515,0,,10,2453,17517,0,,0,0,0,0,,0,0,0,0,,50,,1,,0,,0,,0
137,,0,0,0,0,0,0,,10,2412,17554,0,,10,2364,17550,0,,10,2400,17553,0,,10,2442,17556,0,,10,2376,17551,0,,10,2388,17552,0,,10,2430,17555,0,,10,2454,17557,0,,0,0,0,0,,0,0,0,0,,100,,2,,0,,0,,0
138,,0,0,0,0,0,0,,3,1,5000000,0,,0,0,0,0,,0,0,0,0,,0,0,0,0,,0,0,0,0,,0,0,0,0,,0,0,0,0,,0,0,0,0,,0,0,0,0,,0,0,0,0,,5,,1,,0,,0,,0
139,,0,0,0,0,0,0,,3,1,10000000,0,,0,0,0,0,,0,0,0,0,,0,0,0,0,,0,0,0,0,,0,0,0,0,,0,0,0,0,,0,0,0,0,,0,0,0,0,,0,0,0,0,,5,,1,,0,,0,,0
140,,0,0,0,0,0,0,,3,1,20000000,0,,0,0,0,0,,0,0,0,0,,0,0,0,0,,0,0,0,0,,0,0,0,0,,0,0,0,0,,0,0,0,0,,0,0,0,0,,0,0,0,0,,10,,1,,0,,0,,0
141,,0,0,0,0,0,0,,3,1,30000000,0,,0,0,0,0,,0,0,0,0,,0,0,0,0,,0,0,0,0,,0,0,0,0,,0,0,0,0,,0,0,0,0,,0,0,0,0,,0,0,0,0,,10,,1,,0,,0,,0
142,,0,0,0,0,0,0,,3,1,40000000,0,,0,0,0,0,,0,0,0,0,,0,0,0,0,,0,0,0,0,,0,0,0,0,,0,0,0,0,,0,0,0,0,,0,0,0,0,,0,0,0,0,,30,,1,,0,,0,,0
143,,0,0,0,0,0,0,,3,1,50000000,0,,0,0,0,0,,0,0,0,0,,0,0,0,0,,0,0,0,0,,0,0,0,0,,0,0,0,0,,0,0,0,0,,0,0,0,0,,0,0,0,0,,30,,1,,0,,0,,0
144,,0,0,0,0,0,0,,3,1,60000000,0,,0,0,0,0,,0,0,0,0,,0,0,0,0,,0,0,0,0,,0,0,0,0,,0,0,0,0,,0,0,0,0,,0,0,0,0,,0,0,0,0,,50,,1,,0,,0,,0
145,,0,0,0,0,0,0,,3,1,70000000,0,,0,0,0,0,,0,0,0,0,,0,0,0,0,,0,0,0,0,,0,0,0,0,,0,0,0,0,,0,0,0,0,,0,0,0,0,,0,0,0,0,,50,,1,,0,,0,,0
146,,0,0,0,0,0,0,,3,1,80000000,0,,0,0,0,0,,0,0,0,0,,0,0,0,0,,0,0,0,0,,0,0,0,0,,0,0,0,0,,0,0,0,0,,0,0,0,0,,0,0,0,0,,50,,1,,0,,0,,0
147,,0,0,0,0,0,0,,3,1,100000000,0,,0,0,0,0,,0,0,0,0,,0,0,0,0,,0,0,0,0,,0,0,0,0,,0,0,0,0,,0,0,0,0,,0,0,0,0,,0,0,0,0,,50,,1,,0,,0,,0
148,,0,0,0,0,0,0,,3,3,5000000,0,,0,0,0,0,,0,0,0,0,,0,0,0,0,,0,0,0,0,,0,0,0,0,,0,0,0,0,,0,0,0,0,,0,0,0,0,,0,0,0,0,,5,,1,,0,,0,,0
149,,0,0,0,0,0,0,,3,3,10000000,0,,0,0,0,0,,0,0,0,0,,0,0,0,0,,0,0,0,0,,0,0,0,0,,0,0,0,0,,0,0,0,0,,0,0,0,0,,0,0,0,0,,5,,1,,0,,0,,0
150,,0,0,0,0,0,0,,3,3,20000000,0,,0,0,0,0,,0,0,0,0,,0,0,0,0,,0,0,0,0,,0,0,0,0,,0,0,0,0,,0,0,0,0,,0,0,0,0,,0,0,0,0,,10,,1,,0,,0,,0
151,,0,0,0,0,0,0,,3,3,30000000,0,,0,0,0,0,,0,0,0,0,,0,0,0,0,,0,0,0,0,,0,0,0,0,,0,0,0,0,,0,0,0,0,,0,0,0,0,,0,0,0,0,,10,,1,,0,,0,,0
152,,0,0,0,0,0,0,,3,3,40000000,0,,0,0,0,0,,0,0,0,0,,0,0,0,0,,0,0,0,0,,0,0,0,0,,0,0,0,0,,0,0,0,0,,0,0,0,0,,0,0,0,0,,30,,1,,0,,0,,0
153,,0,0,0,0,0,0,,3,3,50000000,0,,0,0,0,0,,0,0,0,0,,0,0,0,0,,0,0,0,0,,0,0,0,0,,0,0,0,0,,0,0,0,0,,0,0,0,0,,0,0,0,0,,30,,1,,0,,0,,0
154,,0,0,0,0,0,0,,3,3,60000000,0,,0,0,0,0,,0,0,0,0,,0,0,0,0,,0,0,0,0,,0,0,0,0,,0,0,0,0,,0,0,0,0,,0,0,0,0,,0,0,0,0,,50,,1,,0,,0,,0
155,,0,0,0,0,0,0,,3,3,70000000,0,,0,0,0,0,,0,0,0,0,,0,0,0,0,,0,0,0,0,,0,0,0,0,,0,0,0,0,,0,0,0,0,,0,0,0,0,,0,0,0,0,,50,,1,,0,,0,,0
156,,0,0,0,0,0,0,,3,3,80000000,0,,0,0,0,0,,0,0,0,0,,0,0,0,0,,0,0,0,0,,0,0,0,0,,0,0,0,0,,0,0,0,0,,0,0,0,0,,0,0,0,0,,50,,1,,0,,0,,0
157,,0,0,0,0,0,0,,3,3,100000000,0,,0,0,0,0,,0,0,0,0,,0,0,0,0,,0,0,0,0,,0,0,0,0,,0,0,0,0,,0,0,0,0,,0,0,0,0,,0,0,0,0,,50,,1,,0,,0,,0
158,,0,0,0,0,0,0,,3,2,5000000,0,,0,0,0,0,,0,0,0,0,,0,0,0,0,,0,0,0,0,,0,0,0,0,,0,0,0,0,,0,0,0,0,,0,0,0,0,,0,0,0,0,,5,,1,,0,,0,,0
159,,0,0,0,0,0,0,,3,2,10000000,0,,0,0,0,0,,0,0,0,0,,0,0,0,0,,0,0,0,0,,0,0,0,0,,0,0,0,0,,0,0,0,0,,0,0,0,0,,0,0,0,0,,5,,1,,0,,0,,0
160,,0,0,0,0,0,0,,3,2,20000000,0,,0,0,0,0,,0,0,0,0,,0,0,0,0,,0,0,0,0,,0,0,0,0,,0,0,0,0,,0,0,0,0,,0,0,0,0,,0,0,0,0,,10,,1,,0,,0,,0
161,,0,0,0,0,0,0,,3,2,30000000,0,,0,0,0,0,,0,0,0,0,,0,0,0,0,,0,0,0,0,,0,0,0,0,,0,0,0,0,,0,0,0,0,,0,0,0,0,,0,0,0,0,,10,,1,,0,,0,,0
162,,0,0,0,0,0,0,,3,2,40000000,0,,0,0,0,0,,0,0,0,0,,0,0,0,0,,0,0,0,0,,0,0,0,0,,0,0,0,0,,0,0,0,0,,0,0,0,0,,0,0,0,0,,30,,1,,0,,0,,0
163,,0,0,0,0,0,0,,3,2,50000000,0,,0,0,0,0,,0,0,0,0,,0,0,0,0,,0,0,0,0,,0,0,0,0,,0,0,0,0,,0,0,0,0,,0,0,0,0,,0,0,0,0,,30,,1,,0,,0,,0
164,,0,0,0,0,0,0,,3,2,60000000,0,,0,0,0,0,,0,0,0,0,,0,0,0,0,,0,0,0,0,,0,0,0,0,,0,0,0,0,,0,0,0,0,,0,0,0,0,,0,0,0,0,,50,,1,,0,,0,,0
165,,0,0,0,0,0,0,,3,2,70000000,0,,0,0,0,0,,0,0,0,0,,0,0,0,0,,0,0,0,0,,0,0,0,0,,0,0,0,0,,0,0,0,0,,0,0,0,0,,0,0,0,0,,50,,1,,0,,0,,0
166,,0,0,0,0,0,0,,3,2,80000000,0,,0,0,0,0,,0,0,0,0,,0,0,0,0,,0,0,0,0,,0,0,0,0,,0,0,0,0,,0,0,0,0,,0,0,0,0,,0,0,0,0,,50,,1,,0,,0,,0
167,,0,0,0,0,0,0,,3,2,100000000,0,,0,0,0,0,,0,0,0,0,,0,0,0,0,,0,0,0,0,,0,0,0,0,,0,0,0,0,,0,0,0,0,,0,0,0,0,,0,0,0,0,,50,,1,,0,,0,,0
168,,0,0,0,0,0,0,,3,4,5000000,0,,0,0,0,0,,0,0,0,0,,0,0,0,0,,0,0,0,0,,0,0,0,0,,0,0,0,0,,0,0,0,0,,0,0,0,0,,0,0,0,0,,5,,1,,0,,0,,0
169,,0,0,0,0,0,0,,3,4,10000000,0,,0,0,0,0,,0,0,0,0,,0,0,0,0,,0,0,0,0,,0,0,0,0,,0,0,0,0,,0,0,0,0,,0,0,0,0,,0,0,0,0,,5,,1,,0,,0,,0
170,,0,0,0,0,0,0,,3,4,20000000,0,,0,0,0,0,,0,0,0,0,,0,0,0,0,,0,0,0,0,,0,0,0,0,,0,0,0,0,,0,0,0,0,,0,0,0,0,,0,0,0,0,,10,,1,,0,,0,,0
171,,0,0,0,0,0,0,,3,4,30000000,0,,0,0,0,0,,0,0,0,0,,0,0,0,0,,0,0,0,0,,0,0,0,0,,0,0,0,0,,0,0,0,0,,0,0,0,0,,0,0,0,0,,10,,1,,0,,0,,0
172,,0,0,0,0,0,0,,3,4,40000000,0,,0,0,0,0,,0,0,0,0,,0,0,0,0,,0,0,0,0,,0,0,0,0,,0,0,0,0,,0,0,0,0,,0,0,0,0,,0,0,0,0,,30,,1,,0,,0,,0
173,,0,0,0,0,0,0,,3,4,50000000,0,,0,0,0,0,,0,0,0,0,,0,0,0,0,,0,0,0,0,,0,0,0,0,,0,0,0,0,,0,0,0,0,,0,0,0,0,,0,0,0,0,,30,,1,,0,,0,,0
174,,0,0,0,0,0,0,,3,4,60000000,0,,0,0,0,0,,0,0,0,0,,0,0,0,0,,0,0,0,0,,0,0,0,0,,0,0,0,0,,0,0,0,0,,0,0,0,0,,0,0,0,0,,50,,1,,0,,0,,0
175,,0,0,0,0,0,0,,3,4,70000000,0,,0,0,0,0,,0,0,0,0,,0,0,0,0,,0,0,0,0,,0,0,0,0,,0,0,0,0,,0,0,0,0,,0,0,0,0,,0,0,0,0,,50,,1,,0,,0,,0
176,,0,0,0,0,0,0,,3,4,80000000,0,,0,0,0,0,,0,0,0,0,,0,0,0,0,,0,0,0,0,,0,0,0,0,,0,0,0,0,,0,0,0,0,,0,0,0,0,,0,0,0,0,,50,,1,,0,,0,,0
177,,0,0,0,0,0,0,,3,4,100000000,0,,0,0,0,0,,0,0,0,0,,0,0,0,0,,0,0,0,0,,0,0,0,0,,0,0,0,0,,0,0,0,0,,0,0,0,0,,0,0,0,0,,50,,1,,0,,0,,0
178,,0,0,0,0,0,0,,3,0,5000000,0,,0,0,0,0,,0,0,0,0,,0,0,0,0,,0,0,0,0,,0,0,0,0,,0,0,0,0,,0,0,0,0,,0,0,0,0,,0,0,0,0,,5,,1,,0,,0,,0
179,,0,0,0,0,0,0,,3,0,10000000,0,,0,0,0,0,,0,0,0,0,,0,0,0,0,,0,0,0,0,,0,0,0,0,,0,0,0,0,,0,0,0,0,,0,0,0,0,,0,0,0,0,,5,,1,,0,,0,,0
180,,0,0,0,0,0,0,,3,0,20000000,0,,0,0,0,0,,0,0,0,0,,0,0,0,0,,0,0,0,0,,0,0,0,0,,0,0,0,0,,0,0,0,0,,0,0,0,0,,0,0,0,0,,10,,1,,0,,0,,0
181,,0,0,0,0,0,0,,3,0,30000000,0,,0,0,0,0,,0,0,0,0,,0,0,0,0,,0,0,0,0,,0,0,0,0,,0,0,0,0,,0,0,0,0,,0,0,0,0,,0,0,0,0,,10,,1,,0,,0,,0
182,,0,0,0,0,0,0,,3,0,40000000,0,,0,0,0,0,,0,0,0,0,,0,0,0,0,,0,0,0,0,,0,0,0,0,,0,0,0,0,,0,0,0,0,,0,0,0,0,,0,0,0,0,,30,,1,,0,,0,,0
183,,0,0,0,0,0,0,,3,0,50000000,0,,0,0,0,0,,0,0,0,0,,0,0,0,0,,0,0,0,0,,0,0,0,0,,0,0,0,0,,0,0,0,0,,0,0,0,0,,0,0,0,0,,30,,1,,0,,0,,0
184,,0,0,0,0,0,0,,3,0,60000000,0,,0,0,0,0,,0,0,0,0,,0,0,0,0,,0,0,0,0,,0,0,0,0,,0,0,0,0,,0,0,0,0,,0,0,0,0,,0,0,0,0,,50,,1,,0,,0,,0
185,,0,0,0,0,0,0,,3,0,70000000,0,,0,0,0,0,,0,0,0,0,,0,0,0,0,,0,0,0,0,,0,0,0,0,,0,0,0,0,,0,0,0,0,,0,0,0,0,,0,0,0,0,,50,,1,,0,,0,,0
186,,0,0,0,0,0,0,,3,0,80000000,0,,0,0,0,0,,0,0,0,0,,0,0,0,0,,0,0,0,0,,0,0,0,0,,0,0,0,0,,0,0,0,0,,0,0,0,0,,0,0,0,0,,50,,1,,0,,0,,0
187,,0,0,0,0,0,0,,3,0,100000000,0,,0,0,0,0,,0,0,0,0,,0,0,0,0,,0,0,0,0,,0,0,0,0,,0,0,0,0,,0,0,0,0,,0,0,0,0,,0,0,0,0,,50,,1,,0,,0,,0
188,,0,0,0,0,0,0,,3,13,5000000,0,,0,0,0,0,,0,0,0,0,,0,0,0,0,,0,0,0,0,,0,0,0,0,,0,0,0,0,,0,0,0,0,,0,0,0,0,,0,0,0,0,,5,,1,,0,,0,,0
189,,0,0,0,0,0,0,,3,13,10000000,0,,0,0,0,0,,0,0,0,0,,0,0,0,0,,0,0,0,0,,0,0,0,0,,0,0,0,0,,0,0,0,0,,0,0,0,0,,0,0,0,0,,5,,1,,0,,0,,0
190,,0,0,0,0,0,0,,3,13,20000000,0,,0,0,0,0,,0,0,0,0,,0,0,0,0,,0,0,0,0,,0,0,0,0,,0,0,0,0,,0,0,0,0,,0,0,0,0,,0,0,0,0,,10,,1,,0,,0,,0
191,,0,0,0,0,0,0,,3,13,30000000,0,,0,0,0,0,,0,0,0,0,,0,0,0,0,,0,0,0,0,,0,0,0,0,,0,0,0,0,,0,0,0,0,,0,0,0,0,,0,0,0,0,,10,,1,,0,,0,,0
192,,0,0,0,0,0,0,,3,13,40000000,0,,0,0,0,0,,0,0,0,0,,0,0,0,0,,0,0,0,0,,0,0,0,0,,0,0,0,0,,0,0,0,0,,0,0,0,0,,0,0,0,0,,30,,1,,0,,0,,0
193,,0,0,0,0,0,0,,3,13,50000000,0,,0,0,0,0,,0,0,0,0,,0,0,0,0,,0,0,0,0,,0,0,0,0,,0,0,0,0,,0,0,0,0,,0,0,0,0,,0,0,0,0,,30,,1,,0,,0,,0
194,,0,0,0,0,0,0,,3,13,60000000,0,,0,0,0,0,,0,0,0,0,,0,0,0,0,,0,0,0,0,,0,0,0,0,,0,0,0,0,,0,0,0,0,,0,0,0,0,,0,0,0,0,,50,,1,,0,,0,,0
195,,0,0,0,0,0,0,,3,13,70000000,0,,0,0,0,0,,0,0,0,0,,0,0,0,0,,0,0,0,0,,0,0,0,0,,0,0,0,0,,0,0,0,0,,0,0,0,0,,0,0,0,0,,50,,1,,0,,0,,0
196,,0,0,0,0,0,0,,3,13,80000000,0,,0,0,0,0,,0,0,0,0,,0,0,0,0,,0,0,0,0,,0,0,0,0,,0,0,0,0,,0,0,0,0,,0,0,0,0,,0,0,0,0,,50,,1,,0,,0,,0
197,,0,0,0,0,0,0,,3,13,100000000,0,,0,0,0,0,,0,0,0,0,,0,0,0,0,,0,0,0,0,,0,0,0,0,,0,0,0,0,,0,0,0,0,,0,0,0,0,,0,0,0,0,,50,,1,,0,,0,,0
198,,0,0,0,0,0,0,,3,14,5000000,0,,0,0,0,0,,0,0,0,0,,0,0,0,0,,0,0,0,0,,0,0,0,0,,0,0,0,0,,0,0,0,0,,0,0,0,0,,0,0,0,0,,5,,1,,0,,0,,0
199,,0,0,0,0,0,0,,3,14,10000000,0,,0,0,0,0,,0,0,0,0,,0,0,0,0,,0,0,0,0,,0,0,0,0,,0,0,0,0,,0,0,0,0,,0,0,0,0,,0,0,0,0,,5,,1,,0,,0,,0
200,,0,0,0,0,0,0,,3,14,20000000,0,,0,0,0,0,,0,0,0,0,,0,0,0,0,,0,0,0,0,,0,0,0,0,,0,0,0,0,,0,0,0,0,,0,0,0,0,,0,0,0,0,,10,,1,,0,,0,,0
201,,0,0,0,0,0,0,,3,14,30000000,0,,0,0,0,0,,0,0,0,0,,0,0,0,0,,0,0,0,0,,0,0,0,0,,0,0,0,0,,0,0,0,0,,0,0,0,0,,0,0,0,0,,10,,1,,0,,0,,0
202,,0,0,0,0,0,0,,3,14,40000000,0,,0,0,0,0,,0,0,0,0,,0,0,0,0,,0,0,0,0,,0,0,0,0,,0,0,0,0,,0,0,0,0,,0,0,0,0,,0,0,0,0,,30,,1,,0,,0,,0
203,,0,0,0,0,0,0,,3,14,50000000,0,,0,0,0,0,,0,0,0,0,,0,0,0,0,,0,0,0,0,,0,0,0,0,,0,0,0,0,,0,0,0,0,,0,0,0,0,,0,0,0,0,,30,,1,,0,,0,,0
204,,0,0,0,0,0,0,,3,14,60000000,0,,0,0,0,0,,0,0,0,0,,0,0,0,0,,0,0,0,0,,0,0,0,0,,0,0,0,0,,0,0,0,0,,0,0,0,0,,0,0,0,0,,50,,1,,0,,0,,0
205,,0,0,0,0,0,0,,3,14,70000000,0,,0,0,0,0,,0,0,0,0,,0,0,0,0,,0,0,0,0,,0,0,0,0,,0,0,0,0,,0,0,0,0,,0,0,0,0,,0,0,0,0,,50,,1,,0,,0,,0
206,,0,0,0,0,0,0,,3,14,80000000,0,,0,0,0,0,,0,0,0,0,,0,0,0,0,,0,0,0,0,,0,0,0,0,,0,0,0,0,,0,0,0,0,,0,0,0,0,,0,0,0,0,,50,,1,,0,,0,,0
207,,0,0,0,0,0,0,,3,14,100000000,0,,0,0,0,0,,0,0,0,0,,0,0,0,0,,0,0,0,0,,0,0,0,0,,0,0,0,0,,0,0,0,0,,0,0,0,0,,0,0,0,0,,50,,1,,0,,0,,0
208,,0,0,0,0,0,0,,3,13,200000000,0,,0,0,0,0,,0,0,0,0,,0,0,0,0,,0,0,0,0,,0,0,0,0,,0,0,0,0,,0,0,0,0,,0,0,0,0,,0,0,0,0,,100,,2,,0,,0,,0
209,,0,0,0,0,0,0,,3,14,200000000,0,,0,0,0,0,,0,0,0,0,,0,0,0,0,,0,0,0,0,,0,0,0,0,,0,0,0,0,,0,0,0,0,,0,0,0,0,,0,0,0,0,,100,,2,,0,,0,,0
210,,0,0,0,0,0,0,,1001,31319,1000,0,,0,0,0,0,,0,0,0,0,,0,0,0,0,,0,0,0,0,,0,0,0,0,,0,0,0,0,,0,0,0,0,,0,0,0,0,,0,0,0,0,,30,,1,,0,,0,,0
211,,0,0,0,0,0,0,,1001,31320,1000,0,,0,0,0,0,,0,0,0,0,,0,0,0,0,,0,0,0,0,,0,0,0,0,,0,0,0,0,,0,0,0,0,,0,0,0,0,,0,0,0,0,,50,,1,,0,,0,,0
212,,0,0,0,0,0,0,,1001,31321,1000,0,,0,0,0,0,,0,0,0,0,,0,0,0,0,,0,0,0,0,,0,0,0,0,,0,0,0,0,,0,0,0,0,,0,0,0,0,,0,0,0,0,,80,,1,,0,,0,,0
213,,0,0,0,0,0,0,,1001,31322,1000,0,,0,0,0,0,,0,0,0,0,,0,0,0,0,,0,0,0,0,,0,0,0,0,,0,0,0,0,,0,0,0,0,,0,0,0,0,,0,0,0,0,,100,,2,,0,,0,,0
214,,0,0,0,0,0,0,,11,25727,0,0,,0,0,0,0,,0,0,0,0,,0,0,0,0,,0,0,0,0,,0,0,0,0,,0,0,0,0,,0,0,0,0,,0,0,0,0,,0,0,0,0,,50,,1,,0,,0,,0
215,,0,0,0,0,0,0,,11,25724,0,0,,0,0,0,0,,0,0,0,0,,0,0,0,0,,0,0,0,0,,0,0,0,0,,0,0,0,0,,0,0,0,0,,0,0,0,0,,0,0,0,0,,50,,1,,0,,0,,0
216,,0,0,0,0,0,0,,11,32990,0,0,,11,32979,0,0,,11,32980,0,0,,0,0,0,0,,0,0,0,0,,0,0,0,0,,0,0,0,0,,0,0,0,0,,0,0,0,0,,0,0,0,0,,100,,2,,0,,0,,0
217,,0,0,0,0,0,0,,11,32988,0,0,,11,32983,0,0,,11,32984,0,0,,0,0,0,0,,0,0,0,0,,0,0,0,0,,0,0,0,0,,0,0,0,0,,0,0,0,0,,0,0,0,0,,100,,2,,0,,0,,0
218,,0,0,0,0,0,0,,11,32989,0,0,,11,32975,0,0,,11,32976,0,0,,0,0,0,0,,0,0,0,0,,0,0,0,0,,0,0,0,0,,0,0,0,0,,0,0,0,0,,0,0,0,0,,100,,2,,0,,0,,0
219,,0,0,0,0,0,0,,11,32987,0,0,,11,32977,0,0,,11,32978,0,0,,0,0,0,0,,0,0,0,0,,0,0,0,0,,0,0,0,0,,0,0,0,0,,0,0,0,0,,0,0,0,0,,100,,2,,0,,0,,0
220,,0,0,0,0,0,0,,11,32991,0,0,,11,32981,0,0,,11,32982,0,0,,0,0,0,0,,0,0,0,0,,0,0,0,0,,0,0,0,0,,0,0,0,0,,0,0,0,0,,0,0,0,0,,100,,2,,0,,0,,0
221,,0,0,0,0,0,0,,11,32992,0,0,,11,32985,0,0,,11,32986,0,0,,0,0,0,0,,0,0,0,0,,0,0,0,0,,0,0,0,0,,0,0,0,0,,0,0,0,0,,0,0,0,0,,100,,2,,0,,0,,0
222,,0,0,0,0,0,0,,11,33025,0,0,,0,0,0,0,,0,0,0,0,,0,0,0,0,,0,0,0,0,,0,0,0,0,,0,0,0,0,,0,0,0,0,,0,0,0,0,,0,0,0,0,,10,,1,,0,,0,,0
223,,0,0,0,0,0,0,,11,33026,0,0,,0,0,0,0,,0,0,0,0,,0,0,0,0,,0,0,0,0,,0,0,0,0,,0,0,0,0,,0,0,0,0,,0,0,0,0,,0,0,0,0,,10,,1,,0,,0,,0
224,,0,0,0,0,0,0,,11,33027,0,0,,0,0,0,0,,0,0,0,0,,0,0,0,0,,0,0,0,0,,0,0,0,0,,0,0,0,0,,0,0,0,0,,0,0,0,0,,0,0,0,0,,30,,1,,0,,0,,0
225,,0,0,0,0,0,0,,11,33028,0,0,,0,0,0,0,,0,0,0,0,,0,0,0,0,,0,0,0,0,,0,0,0,0,,0,0,0,0,,0,0,0,0,,0,0,0,0,,0,0,0,0,,30,,1,,0,,0,,0
226,,0,0,0,0,0,0,,11,32954,0,0,,0,0,0,0,,0,0,0,0,,0,0,0,0,,0,0,0,0,,0,0,0,0,,0,0,0,0,,0,0,0,0,,0,0,0,0,,0,0,0,0,,100,,2,,0,,0,,0
227,,0,0,0,0,0,0,,11,33029,0,0,,0,0,0,0,,0,0,0,0,,0,0,0,0,,0,0,0,0,,0,0,0,0,,0,0,0,0,,0,0,0,0,,0,0,0,0,,0,0,0,0,,50,,1,,0,,0,,0
228,,0,0,0,0,0,0,,11,33030,0,0,,0,0,0,0,,0,0,0,0,,0,0,0,0,,0,0,0,0,,0,0,0,0,,0,0,0,0,,0,0,0,0,,0,0,0,0,,0,0,0,0,,50,,1,,0,,0,,0
229,,0,0,0,0,0,0,,11,33031,0,0,,0,0,0,0,,0,0,0,0,,0,0,0,0,,0,0,0,0,,0,0,0,0,,0,0,0,0,,0,0,0,0,,0,0,0,0,,0,0,0,0,,100,,2,,0,,0,,0
230,,0,0,0,0,0,0,,11,33032,0,0,,0,0,0,0,,0,0,0,0,,0,0,0,0,,0,0,0,0,,0,0,0,0,,0,0,0,0,,0,0,0,0,,0,0,0,0,,0,0,0,0,,100,,2,,0,,0,,0
231,,0,0,0,0,0,0,,4,35239,0,0,,0,0,0,0,,0,0,0,0,,0,0,0,0,,0,0,0,0,,0,0,0,0,,0,0,0,0,,0,0,0,0,,0,0,0,0,,0,0,0,0,,10,,1,,0,,0,,0
232,,0,0,0,0,0,0,,4,35238,0,0,,0,0,0,0,,0,0,0,0,,0,0,0,0,,0,0,0,0,,0,0,0,0,,0,0,0,0,,0,0,0,0,,0,0,0,0,,0,0,0,0,,10,,1,,0,,0,,0
233,,0,0,0,0,0,0,,4,35241,0,0,,0,0,0,0,,0,0,0,0,,0,0,0,0,,0,0,0,0,,0,0,0,0,,0,0,0,0,,0,0,0,0,,0,0,0,0,,0,0,0,0,,10,,1,,0,,0,,0
234,,0,0,0,0,0,0,,4,35236,0,0,,0,0,0,0,,0,0,0,0,,0,0,0,0,,0,0,0,0,,0,0,0,0,,0,0,0,0,,0,0,0,0,,0,0,0,0,,0,0,0,0,,10,,1,,0,,0,,0
235,,0,0,0,0,0,0,,4,35240,0,0,,0,0,0,0,,0,0,0,0,,0,0,0,0,,0,0,0,0,,0,0,0,0,,0,0,0,0,,0,0,0,0,,0,0,0,0,,0,0,0,0,,10,,1,,0,,0,,0
236,,0,0,0,0,0,0,,4,35242,0,0,,0,0,0,0,,0,0,0,0,,0,0,0,0,,0,0,0,0,,0,0,0,0,,0,0,0,0,,0,0,0,0,,0,0,0,0,,0,0,0,0,,10,,1,,0,,0,,0
237,,0,0,0,0,0,0,,4,35243,0,0,,0,0,0,0,,0,0,0,0,,0,0,0,0,,0,0,0,0,,0,0,0,0,,0,0,0,0,,0,0,0,0,,0,0,0,0,,0,0,0,0,,30,,1,,0,,0,,0
238,,0,0,0,0,0,0,,3,17,5000000,0,,0,0,0,0,,0,0,0,0,,0,0,0,0,,0,0,0,0,,0,0,0,0,,0,0,0,0,,0,0,0,0,,0,0,0,0,,0,0,0,0,,5,,1,,0,,0,,0
239,,0,0,0,0,0,0,,3,17,10000000,0,,0,0,0,0,,0,0,0,0,,0,0,0,0,,0,0,0,0,,0,0,0,0,,0,0,0,0,,0,0,0,0,,0,0,0,0,,0,0,0,0,,5,,1,,0,,0,,0
240,,0,0,0,0,0,0,,3,17,20000000,0,,0,0,0,0,,0,0,0,0,,0,0,0,0,,0,0,0,0,,0,0,0,0,,0,0,0,0,,0,0,0,0,,0,0,0,0,,0,0,0,0,,10,,1,,0,,0,,0
241,,0,0,0,0,0,0,,3,17,30000000,0,,0,0,0,0,,0,0,0,0,,0,0,0,0,,0,0,0,0,,0,0,0,0,,0,0,0,0,,0,0,0,0,,0,0,0,0,,0,0,0,0,,10,,1,,0,,0,,0
242,,0,0,0,0,0,0,,3,17,40000000,0,,0,0,0,0,,0,0,0,0,,0,0,0,0,,0,0,0,0,,0,0,0,0,,0,0,0,0,,0,0,0,0,,0,0,0,0,,0,0,0,0,,30,,1,,0,,0,,0
243,,0,0,0,0,0,0,,3,17,50000000,0,,0,0,0,0,,0,0,0,0,,0,0,0,0,,0,0,0,0,,0,0,0,0,,0,0,0,0,,0,0,0,0,,0,0,0,0,,0,0,0,0,,30,,1,,0,,0,,0
244,,0,0,0,0,0,0,,3,17,60000000,0,,0,0,0,0,,0,0,0,0,,0,0,0,0,,0,0,0,0,,0,0,0,0,,0,0,0,0,,0,0,0,0,,0,0,0,0,,0,0,0,0,,50,,1,,0,,0,,0
245,,0,0,0,0,0,0,,3,17,70000000,0,,0,0,0,0,,0,0,0,0,,0,0,0,0,,0,0,0,0,,0,0,0,0,,0,0,0,0,,0,0,0,0,,0,0,0,0,,0,0,0,0,,50,,1,,0,,0,,0
246,,0,0,0,0,0,0,,3,17,80000000,0,,0,0,0,0,,0,0,0,0,,0,0,0,0,,0,0,0,0,,0,0,0,0,,0,0,0,0,,0,0,0,0,,0,0,0,0,,0,0,0,0,,50,,1,,0,,0,,0
247,,0,0,0,0,0,0,,3,17,100000000,0,,0,0,0,0,,0,0,0,0,,0,0,0,0,,0,0,0,0,,0,0,0,0,,0,0,0,0,,0,0,0,0,,0,0,0,0,,0,0,0,0,,50,,1,,0,,0,,0
248,,0,0,0,0,0,0,,3,18,5000000,0,,0,0,0,0,,0,0,0,0,,0,0,0,0,,0,0,0,0,,0,0,0,0,,0,0,0,0,,0,0,0,0,,0,0,0,0,,0,0,0,0,,5,,1,,0,,0,,0
249,,0,0,0,0,0,0,,3,18,10000000,0,,0,0,0,0,,0,0,0,0,,0,0,0,0,,0,0,0,0,,0,0,0,0,,0,0,0,0,,0,0,0,0,,0,0,0,0,,0,0,0,0,,5,,1,,0,,0,,0
250,,0,0,0,0,0,0,,3,18,20000000,0,,0,0,0,0,,0,0,0,0,,0,0,0,0,,0,0,0,0,,0,0,0,0,,0,0,0,0,,0,0,0,0,,0,0,0,0,,0,0,0,0,,10,,1,,0,,0,,0
251,,0,0,0,0,0,0,,3,18,30000000,0,,0,0,0,0,,0,0,0,0,,0,0,0,0,,0,0,0,0,,0,0,0,0,,0,0,0,0,,0,0,0,0,,0,0,0,0,,0,0,0,0,,10,,1,,0,,0,,0
252,,0,0,0,0,0,0,,3,18,40000000,0,,0,0,0,0,,0,0,0,0,,0,0,0,0,,0,0,0,0,,0,0,0,0,,0,0,0,0,,0,0,0,0,,0,0,0,0,,0,0,0,0,,30,,1,,0,,0,,0
253,,0,0,0,0,0,0,,3,18,50000000,0,,0,0,0,0,,0,0,0,0,,0,0,0,0,,0,0,0,0,,0,0,0,0,,0,0,0,0,,0,0,0,0,,0,0,0,0,,0,0,0,0,,30,,1,,0,,0,,0
254,,0,0,0,0,0,0,,3,18,60000000,0,,0,0,0,0,,0,0,0,0,,0,0,0,0,,0,0,0,0,,0,0,0,0,,0,0,0,0,,0,0,0,0,,0,0,0,0,,0,0,0,0,,50,,1,,0,,0,,0
255,,0,0,0,0,0,0,,3,18,70000000,0,,0,0,0,0,,0,0,0,0,,0,0,0,0,,0,0,0,0,,0,0,0,0,,0,0,0,0,,0,0,0,0,,0,0,0,0,,0,0,0,0,,50,,1,,0,,0,,0
256,,0,0,0,0,0,0,,3,18,80000000,0,,0,0,0,0,,0,0,0,0,,0,0,0,0,,0,0,0,0,,0,0,0,0,,0,0,0,0,,0,0,0,0,,0,0,0,0,,0,0,0,0,,50,,1,,0,,0,,0
257,,0,0,0,0,0,0,,3,18,100000000,0,,0,0,0,0,,0,0,0,0,,0,0,0,0,,0,0,0,0,,0,0,0,0,,0,0,0,0,,0,0,0,0,,0,0,0,0,,0,0,0,0,,50,,1,,0,,0,,0
258,,0,0,0,0,0,0,,3,18,200000000,0,,0,0,0,0,,0,0,0,0,,0,0,0,0,,0,0,0,0,,0,0,0,0,,0,0,0,0,,0,0,0,0,,0,0,0,0,,0,0,0,0,,100,,2,,0,,0,,0
259,,0,0,0,0,0,0,,3,17,200000000,0,,0,0,0,0,,0,0,0,0,,0,0,0,0,,0,0,0,0,,0,0,0,0,,0,0,0,0,,0,0,0,0,,0,0,0,0,,0,0,0,0,,100,,2,,0,,0,,0
260,,0,0,0,0,0,0,,11,44149,0,0,,11,44150,0,0,,11,44151,0,0,,0,0,0,0,,0,0,0,0,,0,0,0,0,,0,0,0,0,,0,0,0,0,,0,0,0,0,,0,0,0,0,,10,,1,,0,,0,,0
261,,0,0,0,0,0,0,,11,42881,0,0,,11,42884,0,0,,11,42886,0,0,,0,0,0,0,,0,0,0,0,,0,0,0,0,,0,0,0,0,,0,0,0,0,,0,0,0,0,,0,0,0,0,,10,,1,,0,,0,,0
262,,0,0,0,0,0,0,,11,42771,0,0,,11,42772,0,0,,11,42773,0,0,,0,0,0,0,,0,0,0,0,,0,0,0,0,,0,0,0,0,,0,0,0,0,,0,0,0,0,,0,0,0,0,,10,,1,,0,,0,,0
263,,0,0,0,0,0,0,,3,19,5000000,0,,0,0,0,0,,0,0,0,0,,0,0,0,0,,0,0,0,0,,0,0,0,0,,0,0,0,0,,0,0,0,0,,0,0,0,0,,0,0,0,0,,5,,1,,0,,0,,0
264,,0,0,0,0,0,0,,3,19,10000000,0,,0,0,0,0,,0,0,0,0,,0,0,0,0,,0,0,0,0,,0,0,0,0,,0,0,0,0,,0,0,0,0,,0,0,0,0,,0,0,0,0,,5,,1,,0,,0,,0
265,,0,0,0,0,0,0,,3,19,20000000,0,,0,0,0,0,,0,0,0,0,,0,0,0,0,,0,0,0,0,,0,0,0,0,,0,0,0,0,,0,0,0,0,,0,0,0,0,,0,0,0,0,,10,,1,,0,,0,,0
266,,0,0,0,0,0,0,,3,19,30000000,0,,0,0,0,0,,0,0,0,0,,0,0,0,0,,0,0,0,0,,0,0,0,0,,0,0,0,0,,0,0,0,0,,0,0,0,0,,0,0,0,0,,10,,1,,0,,0,,0
267,,0,0,0,0,0,0,,3,19,40000000,0,,0,0,0,0,,0,0,0,0,,0,0,0,0,,0,0,0,0,,0,0,0,0,,0,0,0,0,,0,0,0,0,,0,0,0,0,,0,0,0,0,,30,,1,,0,,0,,0
268,,0,0,0,0,0,0,,3,19,50000000,0,,0,0,0,0,,0,0,0,0,,0,0,0,0,,0,0,0,0,,0,0,0,0,,0,0,0,0,,0,0,0,0,,0,0,0,0,,0,0,0,0,,30,,1,,0,,0,,0
269,,0,0,0,0,0,0,,3,19,60000000,0,,0,0,0,0,,0,0,0,0,,0,0,0,0,,0,0,0,0,,0,0,0,0,,0,0,0,0,,0,0,0,0,,0,0,0,0,,0,0,0,0,,50,,1,,0,,0,,0
270,,0,0,0,0,0,0,,3,19,70000000,0,,0,0,0,0,,0,0,0,0,,0,0,0,0,,0,0,0,0,,0,0,0,0,,0,0,0,0,,0,0,0,0,,0,0,0,0,,0,0,0,0,,50,,1,,0,,0,,0
271,,0,0,0,0,0,0,,3,19,80000000,0,,0,0,0,0,,0,0,0,0,,0,0,0,0,,0,0,0,0,,0,0,0,0,,0,0,0,0,,0,0,0,0,,0,0,0,0,,0,0,0,0,,50,,1,,0,,0,,0
272,,0,0,0,0,0,0,,3,19,100000000,0,,0,0,0,0,,0,0,0,0,,0,0,0,0,,0,0,0,0,,0,0,0,0,,0,0,0,0,,0,0,0,0,,0,0,0,0,,0,0,0,0,,50,,1,,0,,0,,0
273,,0,0,0,0,0,0,,3,16,5000000,0,,0,0,0,0,,0,0,0,0,,0,0,0,0,,0,0,0,0,,0,0,0,0,,0,0,0,0,,0,0,0,0,,0,0,0,0,,0,0,0,0,,5,,1,,0,,0,,0
274,,0,0,0,0,0,0,,3,16,10000000,0,,0,0,0,0,,0,0,0,0,,0,0,0,0,,0,0,0,0,,0,0,0,0,,0,0,0,0,,0,0,0,0,,0,0,0,0,,0,0,0,0,,5,,1,,0,,0,,0
275,,0,0,0,0,0,0,,3,16,20000000,0,,0,0,0,0,,0,0,0,0,,0,0,0,0,,0,0,0,0,,0,0,0,0,,0,0,0,0,,0,0,0,0,,0,0,0,0,,0,0,0,0,,10,,1,,0,,0,,0
276,,0,0,0,0,0,0,,3,16,30000000,0,,0,0,0,0,,0,0,0,0,,0,0,0,0,,0,0,0,0,,0,0,0,0,,0,0,0,0,,0,0,0,0,,0,0,0,0,,0,0,0,0,,10,,1,,0,,0,,0
277,,0,0,0,0,0,0,,3,16,40000000,0,,0,0,0,0,,0,0,0,0,,0,0,0,0,,0,0,0,0,,0,0,0,0,,0,0,0,0,,0,0,0,0,,0,0,0,0,,0,0,0,0,,30,,1,,0,,0,,0
278,,0,0,0,0,0,0,,3,16,50000000,0,,0,0,0,0,,0,0,0,0,,0,0,0,0,,0,0,0,0,,0,0,0,0,,0,0,0,0,,0,0,0,0,,0,0,0,0,,0,0,0,0,,30,,1,,0,,0,,0
279,,0,0,0,0,0,0,,3,16,60000000,0,,0,0,0,0,,0,0,0,0,,0,0,0,0,,0,0,0,0,,0,0,0,0,,0,0,0,0,,0,0,0,0,,0,0,0,0,,0,0,0,0,,50,,1,,0,,0,,0
280,,0,0,0,0,0,0,,3,16,70000000,0,,0,0,0,0,,0,0,0,0,,0,0,0,0,,0,0,0,0,,0,0,0,0,,0,0,0,0,,0,0,0,0,,0,0,0,0,,0,0,0,0,,50,,1,,0,,0,,0
281,,0,0,0,0,0,0,,3,16,80000000,0,,0,0,0,0,,0,0,0,0,,0,0,0,0,,0,0,0,0,,0,0,0,0,,0,0,0,0,,0,0,0,0,,0,0,0,0,,0,0,0,0,,50,,1,,0,,0,,0
282,,0,0,0,0,0,0,,3,16,100000000,0,,0,0,0,0,,0,0,0,0,,0,0,0,0,,0,0,0,0,,0,0,0,0,,0,0,0,0,,0,0,0,0,,0,0,0,0,,0,0,0,0,,50,,1,,0,,0,,0
283,,0,0,0,0,0,0,,3,19,200000000,0,,0,0,0,0,,0,0,0,0,,0,0,0,0,,0,0,0,0,,0,0,0,0,,0,0,0,0,,0,0,0,0,,0,0,0,0,,0,0,0,0,,100,,2,,0,,0,,0
284,,0,0,0,0,0,0,,3,16,200000000,0,,0,0,0,0,,0,0,0,0,,0,0,0,0,,0,0,0,0,,0,0,0,0,,0,0,0,0,,0,0,0,0,,0,0,0,0,,0,0,0,0,,100,,2,,0,,0,,0
285,,0,0,0,0,0,0,,3,15,5000000,0,,0,0,0,0,,0,0,0,0,,0,0,0,0,,0,0,0,0,,0,0,0,0,,0,0,0,0,,0,0,0,0,,0,0,0,0,,0,0,0,0,,5,,1,,0,,0,,0
286,,0,0,0,0,0,0,,3,15,10000000,0,,0,0,0,0,,0,0,0,0,,0,0,0,0,,0,0,0,0,,0,0,0,0,,0,0,0,0,,0,0,0,0,,0,0,0,0,,0,0,0,0,,5,,1,,0,,0,,0
287,,0,0,0,0,0,0,,3,15,20000000,0,,0,0,0,0,,0,0,0,0,,0,0,0,0,,0,0,0,0,,0,0,0,0,,0,0,0,0,,0,0,0,0,,0,0,0,0,,0,0,0,0,,10,,1,,0,,0,,0
288,,0,0,0,0,0,0,,3,15,30000000,0,,0,0,0,0,,0,0,0,0,,0,0,0,0,,0,0,0,0,,0,0,0,0,,0,0,0,0,,0,0,0,0,,0,0,0,0,,0,0,0,0,,10,,1,,0,,0,,0
289,,0,0,0,0,0,0,,3,15,40000000,0,,0,0,0,0,,0,0,0,0,,0,0,0,0,,0,0,0,0,,0,0,0,0,,0,0,0,0,,0,0,0,0,,0,0,0,0,,0,0,0,0,,30,,1,,0,,0,,0
290,,0,0,0,0,0,0,,3,15,50000000,0,,0,0,0,0,,0,0,0,0,,0,0,0,0,,0,0,0,0,,0,0,0,0,,0,0,0,0,,0,0,0,0,,0,0,0,0,,0,0,0,0,,30,,1,,0,,0,,0
291,,0,0,0,0,0,0,,3,15,60000000,0,,0,0,0,0,,0,0,0,0,,0,0,0,0,,0,0,0,0,,0,0,0,0,,0,0,0,0,,0,0,0,0,,0,0,0,0,,0,0,0,0,,50,,1,,0,,0,,0
292,,0,0,0,0,0,0,,3,15,70000000,0,,0,0,0,0,,0,0,0,0,,0,0,0,0,,0,0,0,0,,0,0,0,0,,0,0,0,0,,0,0,0,0,,0,0,0,0,,0,0,0,0,,50,,1,,0,,0,,0
293,,0,0,0,0,0,0,,3,15,80000000,0,,0,0,0,0,,0,0,0,0,,0,0,0,0,,0,0,0,0,,0,0,0,0,,0,0,0,0,,0,0,0,0,,0,0,0,0,,0,0,0,0,,50,,1,,0,,0,,0
294,,0,0,0,0,0,0,,3,15,100000000,0,,0,0,0,0,,0,0,0,0,,0,0,0,0,,0,0,0,0,,0,0,0,0,,0,0,0,0,,0,0,0,0,,0,0,0,0,,0,0,0,0,,50,,1,,0,,0,,0
295,,0,0,0,0,0,0,,3,15,200000000,0,,0,0,0,0,,0,0,0,0,,0,0,0,0,,0,0,0,0,,0,0,0,0,,0,0,0,0,,0,0,0,0,,0,0,0,0,,0,0,0,0,,100,,2,,0,,0,,0
296,,0,0,0,0,0,0,,16,0,0,0,,0,0,0,0,,0,0,0,0,,0,0,0,0,,0,0,0,0,,0,0,0,0,,0,0,0,0,,0,0,0,0,,0,0,0,0,,0,0,0,0,,5,,1,,0,,0,,0
297,,0,0,0,0,0,0,,1006,1,0,0,,0,0,0,0,,0,0,0,0,,0,0,0,0,,0,0,0,0,,0,0,0,0,,0,0,0,0,,0,0,0,0,,0,0,0,0,,0,0,0,0,,10,,1,,0,,0,,0
298,,0,0,0,0,0,0,,1006,50,0,0,,0,0,0,0,,0,0,0,0,,0,0,0,0,,0,0,0,0,,0,0,0,0,,0,0,0,0,,0,0,0,0,,0,0,0,0,,0,0,0,0,,100,,2,,0,,0,,0
299,,0,0,0,0,0,0,,1,1,160,0,,0,0,0,0,,0,0,0,0,,0,0,0,0,,0,0,0,0,,0,0,0,0,,0,0,0,0,,0,0,0,0,,0,0,0,0,,0,0,0,0,,100,,2,,0,,0,,1
300,,0,0,0,0,0,0,,17,1,15,0,,0,0,0,0,,0,0,0,0,,0,0,0,0,,0,0,0,0,,0,0,0,0,,0,0,0,0,,0,0,0,0,,0,0,0,0,,0,0,0,0,,10,,1,,0,,0,,0
301,,0,0,0,0,0,0,,17,1,30,0,,0,0,0,0,,0,0,0,0,,0,0,0,0,,0,0,0,0,,0,0,0,0,,0,0,0,0,,0,0,0,0,,0,0,0,0,,0,0,0,0,,10,,1,,0,,0,,0
302,,0,0,0,0,0,0,,17,1,50,0,,0,0,0,0,,0,0,0,0,,0,0,0,0,,0,0,0,0,,0,0,0,0,,0,0,0,0,,0,0,0,0,,0,0,0,0,,0,0,0,0,,10,,1,,0,,0,,0
303,,0,0,0,0,0,0,,17,1,100,0,,0,0,0,0,,0,0,0,0,,0,0,0,0,,0,0,0,0,,0,0,0,0,,0,0,0,0,,0,0,0,0,,0,0,0,0,,0,0,0,0,,20,,2,,0,,0,,0
304,,0,0,0,0,0,0,,19,15,0,0,,0,0,0,0,,0,0,0,0,,0,0,0,0,,0,0,0,0,,0,0,0,0,,0,0,0,0,,0,0,0,0,,0,0,0,0,,0,0,0,0,,10,,1,,0,,0,,0
305,,0,0,0,0,0,0,,19,30,0,0,,0,0,0,0,,0,0,0,0,,0,0,0,0,,0,0,0,0,,0,0,0,0,,0,0,0,0,,0,0,0,0,,0,0,0,0,,0,0,0,0,,10,,1,,0,,0,,0
306,,0,0,0,0,0,0,,19,50,0,0,,0,0,0,0,,0,0,0,0,,0,0,0,0,,0,0,0,0,,0,0,0,0,,0,0,0,0,,0,0,0,0,,0,0,0,0,,0,0,0,0,,10,,1,,0,,0,,0
307,,0,0,0,0,0,0,,19,100,0,0,,0,0,0,0,,0,0,0,0,,0,0,0,0,,0,0,0,0,,0,0,0,0,,0,0,0,0,,0,0,0,0,,0,0,0,0,,0,0,0,0,,20,,2,,0,,0,,0
308,,0,0,0,0,0,0,,17,2,5,0,,0,0,0,0,,0,0,0,0,,0,0,0,0,,0,0,0,0,,0,0,0,0,,0,0,0,0,,0,0,0,0,,0,0,0,0,,0,0,0,0,,10,,1,,0,,0,,0
309,,0,0,0,0,0,0,,17,2,10,0,,0,0,0,0,,0,0,0,0,,0,0,0,0,,0,0,0,0,,0,0,0,0,,0,0,0,0,,0,0,0,0,,0,0,0,0,,0,0,0,0,,10,,1,,0,,0,,0
310,,0,0,0,0,0,0,,17,2,20,0,,0,0,0,0,,0,0,0,0,,0,0,0,0,,0,0,0,0,,0,0,0,0,,0,0,0,0,,0,0,0,0,,0,0,0,0,,0,0,0,0,,10,,1,,0,,0,,0
311,,0,0,0,0,0,0,,17,2,30,0,,0,0,0,0,,0,0,0,0,,0,0,0,0,,0,0,0,0,,0,0,0,0,,0,0,0,0,,0,0,0,0,,0,0,0,0,,0,0,0,0,,10,,1,,0,,0,,0
312,,0,0,0,0,0,0,,18,2,0,0,,0,0,0,0,,0,0,0,0,,0,0,0,0,,0,0,0,0,,0,0,0,0,,0,0,0,0,,0,0,0,0,,0,0,0,0,,0,0,0,0,,20,,2,,0,,0,,0
313,,0,0,0,0,0,0,,18,1,0,0,,0,0,0,0,,0,0,0,0,,0,0,0,0,,0,0,0,0,,0,0,0,0,,0,0,0,0,,0,0,0,0,,0,0,0,0,,0,0,0,0,,20,,2,,0,,0,,0
314,,0,0,0,0,0,0,,18,3,0,0,,0,0,0,0,,0,0,0,0,,0,0,0,0,,0,0,0,0,,0,0,0,0,,0,0,0,0,,0,0,0,0,,0,0,0,0,,0,0,0,0,,20,,2,,0,,0,,0
315,,0,0,0,0,0,0,,12,303,0,0,,12,307,0,0,,12,311,0,0,,12,312,0,0,,12,313,0,0,,12,314,0,0,,0,0,0,0,,0,0,0,0,,0,0,0,0,,0,0,0,0,,30,,2,,0,,0,,0
316,,0,0,0,0,0,0,,3,30,200000000,0,,0,0,0,0,,0,0,0,0,,0,0,0,0,,0,0,0,0,,0,0,0,0,,0,0,0,0,,0,0,0,0,,0,0,0,0,,0,0,0,0,,100,,2,,0,,0,,0
317,,0,0,0,0,0,0,,3,31,200000000,0,,0,0,0,0,,0,0,0,0,,0,0,0,0,,0,0,0,0,,0,0,0,0,,0,0,0,0,,0,0,0,0,,0,0,0,0,,0,0,0,0,,100,,2,,0,,0,,0
318,,0,0,0,0,0,0,,3,30,5000000,0,,0,0,0,0,,0,0,0,0,,0,0,0,0,,0,0,0,0,,0,0,0,0,,0,0,0,0,,0,0,0,0,,0,0,0,0,,0,0,0,0,,5,,1,,0,,0,,0
319,,0,0,0,0,0,0,,3,30,10000000,0,,0,0,0,0,,0,0,0,0,,0,0,0,0,,0,0,0,0,,0,0,0,0,,0,0,0,0,,0,0,0,0,,0,0,0,0,,0,0,0,0,,5,,1,,0,,0,,0
320,,0,0,0,0,0,0,,3,30,20000000,0,,0,0,0,0,,0,0,0,0,,0,0,0,0,,0,0,0,0,,0,0,0,0,,0,0,0,0,,0,0,0,0,,0,0,0,0,,0,0,0,0,,10,,1,,0,,0,,0
321,,0,0,0,0,0,0,,3,30,30000000,0,,0,0,0,0,,0,0,0,0,,0,0,0,0,,0,0,0,0,,0,0,0,0,,0,0,0,0,,0,0,0,0,,0,0,0,0,,0,0,0,0,,10,,1,,0,,0,,0
322,,0,0,0,0,0,0,,3,30,40000000,0,,0,0,0,0,,0,0,0,0,,0,0,0,0,,0,0,0,0,,0,0,0,0,,0,0,0,0,,0,0,0,0,,0,0,0,0,,0,0,0,0,,30,,1,,0,,0,,0
323,,0,0,0,0,0,0,,3,30,50000000,0,,0,0,0,0,,0,0,0,0,,0,0,0,0,,0,0,0,0,,0,0,0,0,,0,0,0,0,,0,0,0,0,,0,0,0,0,,0,0,0,0,,30,,1,,0,,0,,0
324,,0,0,0,0,0,0,,3,30,60000000,0,,0,0,0,0,,0,0,0,0,,0,0,0,0,,0,0,0,0,,0,0,0,0,,0,0,0,0,,0,0,0,0,,0,0,0,0,,0,0,0,0,,50,,1,,0,,0,,0
325,,0,0,0,0,0,0,,3,30,70000000,0,,0,0,0,0,,0,0,0,0,,0,0,0,0,,0,0,0,0,,0,0,0,0,,0,0,0,0,,0,0,0,0,,0,0,0,0,,0,0,0,0,,50,,1,,0,,0,,0
326,,0,0,0,0,0,0,,3,30,80000000,0,,0,0,0,0,,0,0,0,0,,0,0,0,0,,0,0,0,0,,0,0,0,0,,0,0,0,0,,0,0,0,0,,0,0,0,0,,0,0,0,0,,50,,1,,0,,0,,0
327,,0,0,0,0,0,0,,3,30,100000000,0,,0,0,0,0,,0,0,0,0,,0,0,0,0,,0,0,0,0,,0,0,0,0,,0,0,0,0,,0,0,0,0,,0,0,0,0,,0,0,0,0,,50,,1,,0,,0,,0
328,,0,0,0,0,0,0,,3,31,5000000,0,,0,0,0,0,,0,0,0,0,,0,0,0,0,,0,0,0,0,,0,0,0,0,,0,0,0,0,,0,0,0,0,,0,0,0,0,,0,0,0,0,,5,,1,,0,,0,,0
329,,0,0,0,0,0,0,,3,31,10000000,0,,0,0,0,0,,0,0,0,0,,0,0,0,0,,0,0,0,0,,0,0,0,0,,0,0,0,0,,0,0,0,0,,0,0,0,0,,0,0,0,0,,5,,1,,0,,0,,0
330,,0,0,0,0,0,0,,3,31,20000000,0,,0,0,0,0,,0,0,0,0,,0,0,0,0,,0,0,0,0,,0,0,0,0,,0,0,0,0,,0,0,0,0,,0,0,0,0,,0,0,0,0,,10,,1,,0,,0,,0
331,,0,0,0,0,0,0,,3,31,30000000,0,,0,0,0,0,,0,0,0,0,,0,0,0,0,,0,0,0,0,,0,0,0,0,,0,0,0,0,,0,0,0,0,,0,0,0,0,,0,0,0,0,,10,,1,,0,,0,,0
332,,0,0,0,0,0,0,,3,31,40000000,0,,0,0,0,0,,0,0,0,0,,0,0,0,0,,0,0,0,0,,0,0,0,0,,0,0,0,0,,0,0,0,0,,0,0,0,0,,0,0,0,0,,30,,1,,0,,0,,0
333,,0,0,0,0,0,0,,3,31,50000000,0,,0,0,0,0,,0,0,0,0,,0,0,0,0,,0,0,0,0,,0,0,0,0,,0,0,0,0,,0,0,0,0,,0,0,0,0,,0,0,0,0,,30,,1,,0,,0,,0
334,,0,0,0,0,0,0,,3,31,60000000,0,,0,0,0,0,,0,0,0,0,,0,0,0,0,,0,0,0,0,,0,0,0,0,,0,0,0,0,,0,0,0,0,,0,0,0,0,,0,0,0,0,,50,,1,,0,,0,,0
335,,0,0,0,0,0,0,,3,31,70000000,0,,0,0,0,0,,0,0,0,0,,0,0,0,0,,0,0,0,0,,0,0,0,0,,0,0,0,0,,0,0,0,0,,0,0,0,0,,0,0,0,0,,50,,1,,0,,0,,0
336,,0,0,0,0,0,0,,3,31,80000000,0,,0,0,0,0,,0,0,0,0,,0,0,0,0,,0,0,0,0,,0,0,0,0,,0,0,0,0,,0,0,0,0,,0,0,0,0,,0,0,0,0,,50,,1,,0,,0,,0
337,,0,0,0,0,0,0,,3,31,100000000,0,,0,0,0,0,,0,0,0,0,,0,0,0,0,,0,0,0,0,,0,0,0,0,,0,0,0,0,,0,0,0,0,,0,0,0,0,,0,0,0,0,,50,,1,,0,,0,,0
